KITSAT B
1 22825U 93061C   17117.88429787 +.00000000 +00000-0 +17814-4 0  9993
2 22825 098.8074 082.8612 0009397 115.0229 245.1929 14.29993727229943
CUTE-1
1 27844U 03031E   17117.90754108 +.00000072 +00000-0 +52093-4 0  9995
2 27844 098.6909 127.6436 0010705 128.6749 231.5388 14.22031562717132
CUBESAT XI 4
1 27848U 03031J   17117.96407819 +.00000055 +00000-0 +44753-4 0  9994
2 27848 098.7002 127.9366 0010494 136.9803 223.2196 14.21646872717033
CUBESAT XI 5
1 28895U 05043F   17117.71231096 +.00000229 +00000-0 +53034-4 0  9992
2 28895 097.8592 282.3471 0015617 306.1771 053.7987 14.63379376613105
CUTE-1.7+APD II
1 32785U 08021C   17117.46775361 +.00000485 +00000-0 +58694-4 0  9995
2 32785 097.5708 144.0461 0012548 343.4154 016.6651 14.87856727487286
COMPASS 1
1 32787U 08021E   17117.86927688 +.00000570 +00000-0 +60703-4 0  9991
2 32787 097.5648 152.9857 0011262 311.2448 048.7801 14.92538943487993
AAUSAT CUBESAT 2
1 32788U 08021F   17117.66143033 +.00001030 +00000-0 +10220-3 0  9994
2 32788 097.5640 155.5383 0010514 304.0696 055.9526 14.93807108488137
DELFI C3
1 32789U 08021G   17117.88668598 +.00001863 +00000-0 +13651-3 0  9992
2 32789 097.5640 177.1713 0010797 271.7767 088.2223 15.04710937489205
CANX-2
1 32790U 08021H   17117.30372539 +.00000430 +00000-0 +52995-4 0  9992
2 32790 097.5684 142.2994 0013270 345.1822 014.9004 14.87587181487198
SEEDS
1 32791U 08021J   17117.14530473 +.00000735 +00000-0 +81283-4 0  9998
2 32791 097.5682 147.9437 0012491 329.0627 030.9854 14.90175823487549
SWISSCUBE
1 35932U 09051B   17117.90072421 +.00000217 +00000-0 +60206-4 0  9997
2 35932 098.4876 255.5273 0008540 052.9045 307.2932 14.55994565402967
BEESAT
1 35933U 09051C   17117.89121317 +.00000202 +00000-0 +56737-4 0  9993
2 35933 098.4912 256.7974 0006920 066.2096 293.9826 14.56116366403021
ITUPSAT 1
1 35935U 09051E   17117.37022521 +.00000216 +00000-0 +60815-4 0  9992
2 35935 098.5022 256.5202 0009149 059.6036 300.6064 14.55311737402841
TISAT 1
1 36799U 10035E   17117.85717713 +.00000719 +00000-0 +79914-4 0  9990
2 36799 098.0544 239.5878 0013696 129.0460 231.1978 14.90338319368082
M-CUBED/EXP-1 PRIME
1 37855U 11061F   17117.86616987 +.00001836 +00000-0 +10416-3 0  9998
2 37855 101.7208 323.7260 0181304 230.0931 128.4223 15.02845377298763
HORYU 2
1 38340U 12025D   17117.96665375 +.00000359 +00000-0 +61031-4 0  9994
2 38340 098.3767 120.1205 0013047 091.6000 268.6703 14.75308303255471
STRAND 1
1 39090U 13009E   17117.60871736 +.00000054 +00000-0 +34382-4 0  9992
2 39090 098.5589 323.5096 0010422 090.1932 270.0448 14.34961027218225
BRITE-A TUGSAT-1
1 39091U 13009F   17117.62510302 +.00000042 +00000-0 +30290-4 0  9995
2 39091 098.5550 322.9300 0011714 097.2957 262.9560 14.35023693218230
BRITE-U UNIBRITE
1 39092U 13009G   17117.82923316 +.00000036 +00000-0 +28027-4 0  9999
2 39092 098.5559 322.8283 0010599 090.7291 269.5109 14.34898699218246
AIST 2
1 39133U 13015D   17117.90832486 +.00000407 +00000-0 +41495-4 0  9994
2 39133 064.8730 084.4464 0035503 290.9454 068.7868 15.04251051220346
BEESAT 3
1 39134U 13015E   17117.94078594 +.00002141 +00000-0 +11437-3 0  9990
2 39134 064.8700 028.6216 0033578 281.8215 077.9146 15.17637569221475
BEESAT 2
1 39136U 13015G   17117.94226247 +.00001784 +00000-0 +10461-3 0  9990
2 39136 064.8727 038.6136 0030435 290.8594 068.9272 15.14953386221270
NEE 01 PEGASUS
1 39151U 13018B   17117.72369487 +.00000343 +00000-0 +52608-4 0  9990
2 39151 097.9822 209.5653 0016520 209.2440 150.7849 14.79691798216074
CUBEBUG 1
1 39153U 13018D   17117.72940361 +.00000402 +00000-0 +59942-4 0  9992
2 39153 097.9842 210.2990 0016467 207.5450 152.4891 14.80151691216120
ESTCUBE 1
1 39161U 13021C   17117.75687536 +.00000413 +00000-0 +73954-4 0  9991
2 39161 098.0273 204.4157 0008139 310.6627 049.3863 14.71873578213336
POPACS 1
1 39268U 13055D   17117.86659317 +.00011642 +00000-0 +33600-3 0  9993
2 39268 081.0060 060.6885 0653941 007.2901 353.7232 14.30412124184993
POPACS 2
1 39269U 13055E   17117.88692097 +.00006184 +00000-0 +18139-3 0  9993
2 39269 081.0175 074.5294 0703470 043.5056 321.9451 14.19529178182944
POPACS 3
1 39270U 13055F   17117.91644595 +.00004008 +00000-0 +12517-3 0  9996
2 39270 081.0188 082.0336 0727778 066.5613 301.0340 14.12906983162975
FIREFLY
1 39404U 13064AA  17117.83069401 +.00041923 +00000-0 +30469-3 0  9996
2 39404 040.4999 260.6134 0005888 032.0348 328.0835 15.72497878193323
ZACUBE
1 39417U 13066B   17117.81523503 +.00000433 +00000-0 +61176-4 0  9999
2 39417 097.6350 162.4859 0060907 075.2758 285.5194 14.80678012185327
WNISAT 1
1 39423U 13066H   17117.85627544 +.00000206 +00000-0 +51019-4 0  9993
2 39423 097.6798 110.4040 0174491 235.3346 123.1299 14.52829577181929
TRITON 1
1 39427U 13066M   17117.93653226 +.00000303 +00000-0 +56380-4 0  9996
2 39427 097.6408 136.6557 0115286 149.0984 211.7074 14.67429504183480
GOMX 1
1 39430U 13066Q   17117.96532357 +.00000241 +00000-0 +52927-4 0  9998
2 39430 097.6650 120.8338 0151400 201.1190 158.3718 14.58839585182420
BRITE-PL
1 39431U 13066R   17117.90966782 +.00000044 +00000-0 +20181-4 0  9994
2 39431 097.7025 100.1380 0201229 271.3858 086.4293 14.46831878180983
HUMSAT D
1 39433U 13066T   17117.73383578 +.00000929 +00000-0 +97854-4 0  9996
2 39433 097.6565 182.3364 0031789 027.6407 332.6493 14.91369684186492
50 SAT
1 39436U 13066W   17117.50964786 +.00031487 +00000-0 +92666-3 0  9998
2 39436 097.7059 221.0985 0010794 256.5402 103.4638 15.34959271187722
CUBEBUG 2
1 39440U 13066AA  17117.65278385 +.00000417 +00000-0 +65162-4 0  9993
2 39440 097.6338 151.9083 0082396 104.1730 256.8652 14.75418776184646
NEE 02 KRYSAOR
1 39441U 13066AB  17117.63177710 +.00000303 +00000-0 +50066-4 0  9993
2 39441 097.6318 150.6728 0083720 107.4779 253.5602 14.74594071183378
FUNCUBE 1
1 39444U 13066AE  17117.68457815 +.00000553 +00000-0 +74975-4 0  9990
2 39444 097.6365 163.3507 0060055 072.7455 288.0319 14.81402603184130
UWE-3
1 39446U 13066AG  17117.91318022 +.00000415 +00000-0 +61896-4 0  9999
2 39446 097.6332 157.0975 0072103 089.3589 271.5884 14.77951202183181
BRITE TORONTO
1 40020U 14033L   17117.88279069 +.00000123 +00000-0 +29446-4 0  9998
2 40020 097.8435 350.9017 0088765 126.4674 234.4752 14.66376679152722
DUCHIFAT 1
1 40021U 14033M   17117.86016812 +.00000711 +00000-0 +79901-4 0  9996
2 40021 097.9209 030.9481 0014538 104.8818 255.4010 14.89829837155109
FLOCK 1C 10
1 40023U 14033P   17117.78525227 +.00001620 +00000-0 +17954-3 0  9993
2 40023 097.9244 030.0153 0013813 108.9391 251.3345 14.88629210155000
NANOSAT C BR1
1 40024U 14033Q   17117.70521081 +.00000728 +00000-0 +82984-4 0  9994
2 40024 097.9170 029.7589 0013775 106.1428 254.1306 14.89163449154516
QB50P1
1 40025U 14033R   17117.79236067 +.00000521 +00000-0 +62282-4 0  9991
2 40025 097.9154 028.9615 0013972 108.4459 251.8277 14.88377266154994
FLOCK 1C 7
1 40026U 14033S   17117.69252459 +.00001610 +00000-0 +17546-3 0  9996
2 40026 097.9262 030.5757 0012171 104.9985 255.2493 14.89362179155038
FLOCK 1C 1
1 40027U 14033T   17117.68815221 +.00001614 +00000-0 +17866-3 0  9997
2 40027 097.9245 030.1279 0013662 106.5820 253.6868 14.88692802155000
POPSAT HIP 1
1 40028U 14033U   17117.81954482 +.00000798 +00000-0 +92402-4 0  9998
2 40028 097.9190 029.2472 0015246 105.9396 254.3490 14.88250592154986
FLOCK 1C 2
1 40029U 14033V   17117.71759820 +.00001574 +00000-0 +17422-3 0  9998
2 40029 097.9257 030.0230 0015257 103.5108 256.7835 14.88710352154995
FLOCK 1C 4
1 40031U 14033X   17117.72898287 +.00001439 +00000-0 +16030-3 0  9997
2 40031 097.9258 030.0294 0015844 102.0177 258.2829 14.88573373154980
QB50P2
1 40032U 14033Y   17117.75761221 +.00000538 +00000-0 +64755-4 0  9995
2 40032 097.9129 028.0982 0013398 103.7188 256.5520 14.87936282154420
FLOCK 1C 11
1 40033U 14033Z   17117.70539988 +.00001713 +00000-0 +18283-3 0  9994
2 40033 097.9262 031.2614 0013118 095.5687 264.7021 14.90110098155071
ANTELSAT
1 40034U 14033AA  17117.90325846 +.00000389 +00000-0 +65607-4 0  9994
2 40034 097.8661 003.3753 0060575 094.4226 266.3906 14.73663798152982
FLOCK 1C 9
1 40035U 14033AB  17117.70815973 +.00001491 +00000-0 +16527-3 0  9999
2 40035 097.9272 030.3499 0013029 097.3673 262.9024 14.88762255154999
FLOCK 1C 6
1 40036U 14033AC  17117.79989595 +.00001824 +00000-0 +20033-3 0  9998
2 40036 097.9289 030.6342 0013265 096.4287 263.8422 14.88870354155028
PERSEUS M2
1 40037U 14033AD  17117.69946939 +.00000208 +00000-0 +29963-4 0  9990
2 40037 097.9154 026.7165 0015824 109.0400 251.2531 14.86206796154314
FLOCK 1C 5
1 40038U 14033AE  17117.53813928 +.00001748 +00000-0 +19206-3 0  9993
2 40038 097.9271 030.1949 0015749 098.3757 261.9146 14.88866930154971
PERSEUS M1
1 40039U 14033AF  17117.82116885 +.00000196 +00000-0 +28807-4 0  9998
2 40039 097.9162 026.4258 0015718 104.8926 255.4031 14.85831542154282
FLOCK 1C 8
1 40040U 14033AG  17117.72877875 +.00002090 +00000-0 +21796-3 0  9996
2 40040 097.9299 032.2999 0014312 085.8242 274.4623 14.90795258155110
FLOCK 1C 3
1 40041U 14033AH  17117.69158466 +.00001622 +00000-0 +18010-3 0  9996
2 40041 097.9279 030.1484 0014243 094.7877 265.4932 14.88563540154971
POLYITAN 1
1 40042U 14033AJ  17117.75290921 +.00000643 +00000-0 +76001-4 0  9994
2 40042 097.9227 028.8882 0016309 097.7076 262.5992 14.88006179154413
TIGRISAT
1 40043U 14033AK  17117.87274996 +.00000269 +00000-0 +47301-4 0  9997
2 40043 097.8642 003.9742 0061712 095.9530 264.8717 14.73953574153127
LEMUR 1
1 40044U 14033AL  17117.91583820 +.00000277 +00000-0 +48776-4 0  9998
2 40044 097.8639 003.7766 0060851 096.8549 263.9588 14.73779322153012
AEROCUBE 6A
1 40045U 14033AM  17117.72610688 +.00000636 +00000-0 +99844-4 0  9992
2 40045 097.8750 004.8463 0059908 091.9920 268.8151 14.74770565153047
AEROCUBE 6B
1 40046U 14033AN  17117.25126953 +.00000729 +00000-0 +11344-3 0  9999
2 40046 097.8745 004.3222 0059135 093.0930 267.7048 14.74772136152976
UKUBE 1
1 40074U 14037F   17117.84040769 +.00000906 +00000-0 +11735-3 0  9990
2 40074 098.3403 230.5143 0003977 198.7320 161.3748 14.83458186151711
BRITE-PL 2
1 40119U 14049B   17117.78390368 +.00000244 +00000-0 +35741-4 0  9998
2 40119 097.9362 203.9510 0016211 252.2068 107.7377 14.84115139145592
FIREBIRD 4
1 40378U 15003C   17117.94748016 +.00004851 +00000-0 +20854-3 0  9997
2 40378 099.1206 291.9378 0137539 168.3190 192.1284 15.15098062123398
GRIFEX
1 40379U 15003D   17117.78581521 +.00003196 +00000-0 +14683-3 0  9990
2 40379 099.1216 289.7363 0143029 175.7733 184.4739 15.12719344123260
EXOCUBE
1 40380U 15003E   17117.72316331 +.00002961 +00000-0 +14079-3 0  9999
2 40380 099.1252 288.5187 0146395 179.5364 180.6024 15.11298453123160
DEORBITSAIL
1 40719U 15032E   17117.95678016 +.00000657 +00000-0 +10272-3 0  9994
2 40719 097.9859 012.3290 0015543 309.1394 050.8433 14.76002439096918
TIANWANG 1C (TW-1C)
1 40926U 15051B   17117.85064436 +.00014345 +00000-0 +33754-3 0  9998
2 40926 097.2349 157.8130 0011533 000.9630 083.4861 15.42000022089163
TIANWANG 1B (TW-1B)
1 40927U 15051C   17117.89255963 +.00013750 +00000-0 +33549-3 0  9991
2 40927 097.2436 157.8915 0011894 010.5538 114.8392 15.40911759089126
TIANWANG 1A (TW-1A)
1 40928U 15051D   17117.79212189 +.00007759 +00000-0 +22472-3 0  9999
2 40928 097.2321 154.5108 0013659 027.3955 062.4426 15.35755461088965
LEMUR 2 JOEL
1 40932U 15052C   17117.32237063 +.00001410 +00000-0 +10453-3 0  9996
2 40932 006.0111 231.1210 0014841 262.7024 097.1332 14.77445689085474
LEMUR 2 CHRIS
1 40933U 15052D   17117.32965153 +.00001031 +00000-0 +52397-4 0  9998
2 40933 006.0077 229.9966 0015505 263.7687 096.0633 14.77589281085483
LEMUR 2 JEROEN
1 40934U 15052E   17117.27775888 +.00001220 +00000-0 +80307-4 0  9999
2 40934 006.0089 235.1325 0011986 249.8364 110.0413 14.76906682085403
LEMUR 2 PETER
1 40935U 15052F   17117.28967475 +.00001280 +00000-0 +89279-4 0  9999
2 40935 006.0032 236.3023 0011615 246.4157 113.4815 14.76696092085406
EXACTVIEW 9
1 40936U 15052G   17117.27467349 +.00000985 +00000-0 +49217-4 0  9993
2 40936 006.0069 238.4850 0011108 241.8510 118.0486 14.76231801085393
ATHENOXAT 1
1 41168U 15077C   17117.36977241 +.00004352 +00000-0 +21082-3 0  9996
2 41168 014.9948 180.6360 0012950 031.4192 308.1213 15.11430396075337
GALASSIA
1 41170U 15077E   17117.31132535 +.00003014 +00000-0 +13197-3 0  9995
2 41170 014.9880 177.7210 0013626 048.3709 311.7777 15.11946919075369
VELOX 2
1 41171U 15077F   17117.27851486 +.00002593 +00000-0 +11623-3 0  9997
2 41171 014.9909 188.6790 0009337 007.5662 352.4799 15.09763069075260
AGGIESAT 4
1 41313U 98067HP  17117.88856294 +.00027416 +00000-0 +21135-3 0  9994
2 41313 051.6370 260.5703 0004048 307.2747 052.7882 15.71743272071015
BEVO 2
1 41314U 98067HQ  17117.78037836 +.00162071 +21220-4 +43762-3 0  9995
2 41314 051.6242 240.5340 0007618 319.0436 040.9998 15.93934194071062
HORYU 4
1 41340U 16012D   17117.23382348 +.00001153 +00000-0 +82440-4 0  9994
2 41340 031.0054 072.9135 0014293 288.9018 071.0068 15.00542843065352
OUFTI-1
1 41458U 16025C   17117.98367530 +.00005415 +00000-0 +29139-3 0  9996
2 41458 098.1883 152.6763 0175785 097.4196 264.7039 15.02943028055049
E-STAR-2
1 41459U 16025D   17117.86635530 +.00003845 +00000-0 +20784-3 0  9994
2 41459 098.1909 152.5211 0177429 097.9470 264.1930 15.02804445055013
AAUSAT 4
1 41460U 16025E   17117.89227298 +.00006814 +00000-0 +36574-3 0  9990
2 41460 098.1851 152.6203 0170139 096.5723 265.4824 15.03625334055037
DIWATA-1
1 41463U 98067HT  17117.74134057 +.00014441 +00000-0 +17099-3 0  9999
2 41463 051.6418 279.7313 0000235 044.5344 054.0790 15.61515485056918
MINXSS
1 41474U 98067HU  17117.85338954 +.00705529 +26144-3 +91467-3 0  9990
2 41474 051.6493 250.5488 0009619 319.1629 040.8662 16.06395010054385
STMSAT 1
1 41476U 98067HW  17110.92644424 +.05491109 +12138-4 +11894-2 0  9990
2 41476 051.6168 282.7472 0011810 288.2314 071.7422 16.29591596053242
NODES 1
1 41477U 98067HX  17117.64924661 +.00065514 +00000-0 +39910-3 0  9994
2 41477 051.6300 264.9062 0004005 274.6406 085.4137 15.76801039054082
NODES 2
1 41478U 98067HY  17117.86708760 +.00053595 +00000-0 +33259-3 0  9995
2 41478 051.6332 264.1150 0003680 276.1036 083.9544 15.76464640054114
FLOCK 2EP 1
1 41479U 98067HZ  17117.67406738 +.00026815 +00000-0 +25045-3 0  9994
2 41479 051.6359 273.4110 0000833 059.3201 300.7877 15.67092940053933
FLOCK 2EP 3
1 41480U 98067JA  17117.95323481 +.00023155 +00000-0 +21637-3 0  9997
2 41480 051.6361 271.5465 0000677 152.9203 207.1828 15.67172785053974
FLOCK 2EP 2
1 41481U 98067JB  17117.86346073 +.00022422 +00000-0 +20404-3 0  9997
2 41481 051.6352 270.9159 0001146 030.7985 329.3079 15.67851793053967
FLOCK 2EP 4
1 41482U 98067JC  17117.63115144 +.00029993 +00000-0 +25614-3 0  9994
2 41482 051.6347 271.6016 0001498 228.6212 131.4656 15.69230736053933
FLOCK 2E 1
1 41483U 98067ID  17117.94934080 +.00020674 +00000-0 +19926-3 0  9993
2 41483 051.6374 272.2975 0001991 205.1500 154.9400 15.66480567053824
FLOCK 2E 2
1 41484U 98067JE  17117.72674678 +.00027364 +00000-0 +24870-3 0  9991
2 41484 051.6389 272.3273 0001743 216.8515 143.2362 15.67755506053808
FLOCK 2E 3
1 41486U 98067JG  17117.68243372 +.00019152 +00000-0 +19170-3 0  9994
2 41486 051.6369 275.0084 0002510 242.2376 117.8365 15.65587802053786
FLOCK 2E 4
1 41487U 98067JH  17117.69264568 +.00022392 +00000-0 +21405-3 0  9990
2 41487 051.6371 273.5542 0002924 248.6699 111.3985 15.66628267053801
FLOCK 2E 6
1 41563U 98067JM  17117.70590552 +.00020892 +00000-0 +21040-3 0  9990
2 41563 051.6365 275.1409 0001246 048.0647 312.0454 15.65368785051859
FLOCK 2E 5
1 41564U 98067JN  17117.71297708 +.00019920 +00000-0 +20183-3 0  9996
2 41564 051.6366 275.1953 0001080 055.8892 304.2205 15.65250527051849
FLOCK 2E 7
1 41565U 98067JP  17117.67622853 +.00026122 +00000-0 +23754-3 0  9994
2 41565 051.6360 272.6768 0003583 283.6343 076.4255 15.67765998051772
FLOCK 2E 8
1 41566U 98067JQ  17117.88030192 +.00088873 +00000-0 +38732-3 0  9990
2 41566 051.6320 259.6592 0006839 289.2881 070.7382 15.83976326051950
FLOCK 2EP 5
1 41567U 98067JR  17117.93559926 +.00015401 +00000-0 +16213-3 0  9995
2 41567 051.6377 275.1907 0003645 305.4839 054.5816 15.64490124051736
FLOCK 2EP 6
1 41568U 98067JS  17117.71137180 +.00021558 +00000-0 +21131-3 0  9991
2 41568 051.6360 274.4137 0003276 300.7311 059.3362 15.66025178051755
FLOCK 2EP 8
1 41569U 98067JT  17117.65378708 +.00028579 +00000-0 +25703-3 0  9997
2 41569 051.6357 272.5303 0001610 245.5770 114.5058 15.67989702051659
FLOCK 2EP 7
1 41570U 98067JU  17117.67964695 +.00034704 +00000-0 +28466-3 0  9993
2 41570 051.6361 270.4681 0002921 233.3096 126.7633 15.70128630051703
FLOCK 2E 9
1 41571U 98067JV  17117.66511043 +.00028139 +00000-0 +24929-3 0  9993
2 41571 051.6367 271.8695 0003247 284.7074 075.3562 15.68365870051647
FLOCK 2E 10
1 41572U 98067JW  17117.72358775 +.00026092 +00000-0 +24274-3 0  9991
2 41572 051.6364 273.0133 0003613 288.9991 071.0613 15.67202150051636
FLOCK 2E 12
1 41573U 98067JX  17117.87586062 +.00024085 +00000-0 +21875-3 0  9994
2 41573 051.6359 271.7712 0003404 303.8155 056.2517 15.67848295051663
FLOCK 2E 11
1 41574U 98067JY  17117.68607962 +.00027391 +00000-0 +24566-3 0  9990
2 41574 051.6345 271.9656 0003991 304.3717 055.6902 15.68077253051647
FLOCK 2EP 9
1 41575U 98067JZ  17117.64706161 +.00033045 +00000-0 +28617-3 0  9992
2 41575 051.6341 271.6876 0003751 319.0573 041.0141 15.68832321051630
FLOCK 2EP 10
1 41576U 98067KA  17117.67719824 +.00026849 +00000-0 +24218-3 0  9993
2 41576 051.6367 272.7128 0003584 319.0759 040.9968 15.67949646051522
FLOCK 2EP 11
1 41577U 98067KB  17117.69777214 +.00026494 +00000-0 +24362-3 0  9999
2 41577 051.6372 272.8578 0003988 297.7920 062.2672 15.67481556051349
FLOCK 2EP 12
1 41578U 98067KC  17117.66912503 +.00028018 +00000-0 +24765-3 0  9990
2 41578 051.6349 272.6114 0004511 284.1953 075.8543 15.68419741051342
LEMUR 2 DRMUZZ
1 41595U 16019B   17117.84302896 +.00127020 +00000-0 +44515-3 0  9992
2 41595 051.6302 254.1195 0003423 293.4657 066.5988 15.88344786048736
FLOCK 2P 6
1 41606U 16040H   17117.60756184 +.00005638 +00000-0 +25068-3 0  9998
2 41606 097.4631 180.7135 0009542 246.8064 113.2168 15.21870432047011
FLOCK 2P 11
1 41608U 16040K   17117.94163601 +.00001850 +00000-0 +84373-4 0  9990
2 41608 097.4628 181.0199 0009592 245.7377 114.2857 15.21879305047006
FLOCK 2P 2
1 41609U 16040L   17117.89235751 +.00001827 +00000-0 +83314-4 0  9999
2 41609 097.4633 180.9541 0009545 245.2216 114.8027 15.21898186046975
FLOCK 2P 9
1 41610U 16040M   17117.90472840 +.00004854 +00000-0 +21599-3 0  9994
2 41610 097.4628 180.9271 0009642 245.7251 114.2978 15.21916789046859
FLOCK 2P 4
1 41611U 16040N   17117.86502867 +.00003018 +00000-0 +13567-3 0  9990
2 41611 097.4655 181.0742 0009770 256.2054 103.8095 15.21867773047016
FLOCK 2P 10
1 41612U 16040P   17117.84314646 +.00001549 +00000-0 +71162-4 0  9998
2 41612 097.4665 181.1204 0009599 256.6905 103.3261 15.21876036047012
FLOCK 2P 8
1 41613U 16040Q   17117.79380488 +.00002021 +00000-0 +91917-4 0  9996
2 41613 097.4657 181.0198 0009575 256.0237 103.9934 15.21865721047002
FLOCK 2P 12
1 41614U 16040R   17117.82123275 +.00002197 +00000-0 +99662-4 0  9999
2 41614 097.4667 181.1743 0009260 255.6227 104.3981 15.21863280047012
FLOCK 2P 7
1 41615U 16040S   17117.91992175 +.00005097 +00000-0 +22673-3 0  9992
2 41615 097.4652 181.1472 0009516 257.1055 102.9119 15.21900333047025
FLOCK 2P 5
1 41616U 16040T   17117.70078230 +.00004551 +00000-0 +20287-3 0  9990
2 41616 097.4665 181.0282 0009292 255.8314 104.1890 15.21891411046971
FLOCK 2P 1
1 41617U 16040U   17117.88648594 +.00004002 +00000-0 +17878-3 0  9999
2 41617 097.4667 181.2375 0009175 255.9418 104.0798 15.21890261047020
FLOCK 2P 3
1 41618U 16040V   17117.91436232 +.00003514 +00000-0 +15736-3 0  9996
2 41618 097.4663 181.1976 0009217 255.3226 104.6989 15.21896729047024
BEESAT 4
1 41619U 16040W   17117.91761869 +.00002446 +00000-0 +11478-3 0  9996
2 41619 097.4663 180.7833 0010732 239.2746 120.7433 15.20558082034951
3CAT-2
1 41732U 16051B   17117.84237591 +.00003436 +00000-0 +14123-3 0  9996
2 41732 097.3776 035.5828 0015921 090.1270 310.9936 15.24732608038860
FLOCK 2EP 13
1 41761U 98067KH  17117.68099529 +.00014062 +00000-0 +17760-3 0  9991
2 41761 051.6386 284.7850 0006999 074.7379 285.4388 15.59826357035023
FLOCK 2EP 14
1 41762U 98067KJ  17117.67139885 +.00014321 +00000-0 +17979-3 0  9991
2 41762 051.6398 284.7364 0006897 075.9747 284.2012 15.59967456035023
FLOCK 2EP 16
1 41763U 98067KK  17117.65592762 +.00015752 +00000-0 +19450-3 0  9992
2 41763 051.6395 284.6283 0006287 086.8203 273.3510 15.60320725034981
FLOCK 2EP 15
1 41764U 98067KL  17117.88131529 +.00012631 +00000-0 +16071-3 0  9997
2 41764 051.6395 283.8845 0006587 082.5935 277.5806 15.59744132035014
FLOCK 2EP 18
1 41769U 98067KM  17117.74021575 +.00013973 +00000-0 +17684-3 0  9997
2 41769 051.6393 284.4359 0005753 103.8246 256.3387 15.59784918034991
FLOCK 2EP 17
1 41776U 98067KN  17117.66967328 +.00011888 +00000-0 +15129-3 0  9996
2 41776 051.6402 284.7273 0005999 104.5105 255.6554 15.59811228034973
FLOCK 2EP 19
1 41777U 98067KP  17117.72866038 +.00019736 +00000-0 +22879-3 0  9990
2 41777 051.6384 282.8484 0004876 104.2554 255.8982 15.61796591034968
FLOCK 2EP 20
1 41782U 98067KQ  17117.89934744 +.00016041 +00000-0 +19118-3 0  9992
2 41782 051.6397 282.5044 0004923 100.4555 259.6994 15.61241931034855
CANX-7
1 41788U 16059F   17117.76011401 +.00000159 +00000-0 +39714-4 0  9999
2 41788 098.1709 179.9284 0028561 321.6367 038.2792 14.63692958031215
ALSAT 1N
1 41789U 16059G   17117.84765939 +.00000194 +00000-0 +46161-4 0  9994
2 41789 098.1715 180.1324 0027400 315.4582 044.4404 14.64033880031249
RAVAN
1 41849U 16067B   17117.22165980 +.00002279 +00000-0 +20389-3 0  9991
2 41849 097.9499 194.4492 0010408 108.8657 251.3693 14.96869819024888
CELTEE 1
1 41850U 16067C   17117.71522530 +.00000118 +00000-0 +15761-4 0  9994
2 41850 097.9510 194.8951 0010342 103.9380 256.2992 14.96518333024950
OPTICUBE 04
1 41851U 16067D   17117.91936757 -.00000203 +00000-0 -12522-4 0  9996
2 41851 097.9507 195.0949 0010305 104.3464 255.8902 14.96461892024980
AEROCUBE 8D
1 41852U 16067E   17117.82342739 +.00001051 +00000-0 +98634-4 0  9996
2 41852 097.9516 194.9286 0011354 105.6193 254.6282 14.96154128024968
AEROCUBE 8C
1 41853U 16067F   17117.89441789 +.00001040 +00000-0 +97720-4 0  9992
2 41853 097.9518 194.9902 0011756 106.1209 254.1306 14.96118438024973
PROMETHEUS 2-1
1 41854U 16067G   17117.77311589 +.00001030 +00000-0 +97048-4 0  9996
2 41854 097.9522 194.8393 0012111 105.8580 254.3977 14.96051393024956
PROMETHEUS 2-3
1 41855U 16067H   17117.90799088 +.00000887 +00000-0 +84333-4 0  9998
2 41855 097.9522 194.9758 0012254 105.6836 254.5737 14.96043026024975
LEMUR 2 XIAOQING
1 41871U 16062C   17117.76930831 +.00004903 +00000-0 +22619-3 0  9999
2 41871 051.6375 326.4504 0006539 067.2943 010.4464 15.21964560023269
LEMUR 2 SOKOLSKY
1 41872U 16062D   17117.82908058 +.00004251 +00000-0 +19708-3 0  9994
2 41872 051.6437 326.0666 0005999 067.3796 028.9764 15.22132643023267
LEMUR 2 ANUBHAVTHAKUR
1 41873U 16062E   17117.79916006 +.00002849 +00000-0 +13965-3 0  9993
2 41873 051.6372 326.5709 0007633 066.6642 036.6419 15.21416912023242
LEMUR 2 WINGO
1 41874U 16062F   17117.77565659 +.00003859 +00000-0 +18192-3 0  9995
2 41874 051.6343 326.4885 0006562 067.4845 010.2163 15.21811399023252
STARS-C
1 41895U 98067KR  17117.68305651 +.00029445 +00000-0 +37085-3 0  9998
2 41895 051.6389 287.8020 0004650 133.8670 226.2707 15.59366455020109
TANCREDO 1
1 41931U 98067KT  17117.91994729 +.00048674 +00000-0 +52449-3 0  9991
2 41931 051.6384 285.6264 0004985 089.6048 270.5518 15.63179491015720
ITF-2
1 41932U 98067KU  17117.68252201 +.00019293 +00000-0 +25901-3 0  9996
2 41932 051.6406 288.5525 0005802 084.2189 275.9464 15.57931361015661
WASEDA-SAT3
1 41933U 98067KV  17117.86578988 +.00018431 +00000-0 +24441-3 0  9991
2 41933 051.6399 287.5245 0005614 086.4432 273.7202 15.58297153015691
EGG
1 41934U 98067KW  17117.86634358 +.00484650 +00000-0 +20823-2 0  9995
2 41934 051.6300 282.9825 0009674 294.3263 065.6729 15.83154229015842
AOBA-VELOX 3
1 41935U 98067KX  17117.68078888 +.00021193 +00000-0 +28192-3 0  9993
2 41935 051.6404 288.5394 0005173 089.0702 271.0883 15.58112862015762
TUPOD
1 41936U 98067KY  17117.68471490 +.00084313 +00000-0 +82229-3 0  9994
2 41936 051.6381 286.3097 0002567 098.1001 262.0285 15.65484278015172
OSNSAT
1 41939U 98067KZ  17117.72437336 +.00038052 +00000-0 +45103-3 0  9992
2 41939 051.6391 287.3243 0006217 088.0087 272.1618 15.60820381015040
FLOCK 3P 8
1 41951U 17008D   17117.88430574 +.00003555 +00000-0 +15855-3 0  9997
2 41951 097.4997 179.3307 0008710 020.7741 339.3847 15.22035856010885
FLOCK 3P 51
1 41952U 17008E   17117.93060742 +.00002257 +00000-0 +10122-3 0  9990
2 41952 097.5004 179.4278 0009176 038.5000 321.6889 15.22224595010897
FLOCK 3P 37
1 41953U 17008F   17117.91863110 +.00003884 +00000-0 +17016-3 0  9995
2 41953 097.4999 179.4397 0008679 043.2669 316.9248 15.22587696010893
INS-1B
1 41954U 17008G   17117.89682641 +.00002173 +00000-0 +99508-4 0  9998
2 41954 097.4978 179.2942 0010007 018.0351 342.1237 15.21543021010826
FLOCK 3P 19
1 41955U 17008H   17117.89250737 +.00005617 +00000-0 +24997-3 0  9991
2 41955 097.4992 179.3160 0009515 020.0399 340.1209 15.21844908010806
FLOCK 3P 24
1 41956U 17008J   17117.82685793 +.00007201 +00000-0 +31949-3 0  9995
2 41956 097.4992 179.2512 0009301 017.6462 342.5095 15.21850692010876
FLOCK 3P 18
1 41957U 17008K   17117.89306345 +.00006105 +00000-0 +27165-3 0  9993
2 41957 097.4993 179.3176 0009466 017.9911 342.1658 15.21814954010725
FLOCK 3P 22
1 41958U 17008L   17117.89252690 +.00005671 +00000-0 +25275-3 0  9994
2 41958 097.4993 179.3183 0009309 018.8257 341.3321 15.21792505010717
FLOCK 3P 21
1 41959U 17008M   17117.88662811 +.00005759 +00000-0 +25583-3 0  9993
2 41959 097.4997 179.3286 0009221 021.2597 338.9021 15.21894130010721
FLOCK 3P 28
1 41960U 17008N   17117.88799822 +.00004431 +00000-0 +19722-3 0  9992
2 41960 097.4997 179.3260 0008950 019.6365 340.5214 15.21963279010800
FLOCK 3P 26
1 41961U 17008P   17117.89051910 +.00004294 +00000-0 +19180-3 0  9998
2 41961 097.4995 179.3223 0009194 018.4911 341.6657 15.21853947010727
FLOCK 3P 17
1 41962U 17008Q   17117.88303115 +.00003419 +00000-0 +15235-3 0  9990
2 41962 097.4996 179.3322 0009053 021.7063 338.4555 15.22090270010676
FLOCK 3P 27
1 41963U 17008R   17117.89168386 +.00005006 +00000-0 +22377-3 0  9990
2 41963 097.4996 179.3222 0009273 018.9656 341.1924 15.21746920010722
FLOCK 3P 25
1 41964U 17008S   17117.88862869 +.00004357 +00000-0 +19424-3 0  9994
2 41964 097.4995 179.3236 0009021 019.9186 340.2400 15.21912845010705
FLOCK 3P 4
1 41965U 17008T   17117.88611353 +.00006043 +00000-0 +26757-3 0  9996
2 41965 097.4996 179.3292 0008996 021.1764 338.9842 15.21991387010809
FLOCK 3P 2
1 41966U 17008U   17117.88618833 +.00003738 +00000-0 +16675-3 0  9993
2 41966 097.4999 179.3307 0008810 019.6606 340.4968 15.21986397010725
FLOCK 3P 1
1 41967U 17008V   17117.88611810 +.00003520 +00000-0 +15746-3 0  9999
2 41967 097.5000 179.3310 0008918 019.9851 340.1732 15.21935197010726
FLOCK 3P 3
1 41968U 17008W   17117.88687496 +.00004824 +00000-0 +21460-3 0  9991
2 41968 097.4997 179.3284 0008860 019.7363 340.4214 15.21936884010804
FLOCK 3P 6
1 41969U 17008X   17117.88493619 +.00003205 +00000-0 +14353-3 0  9999
2 41969 097.4999 179.3325 0008669 020.0408 340.1167 15.21967541010713
FLOCK 3P 7
1 41970U 17008Y   17117.94264677 +.00004063 +00000-0 +18045-3 0  9993
2 41970 097.5000 179.4090 0008787 022.9084 337.2543 15.22088309010735
FLOCK 3P 5
1 41971U 17008Z   17117.88187023 +.00004229 +00000-0 +18809-3 0  9998
2 41971 097.5001 179.3379 0008727 022.3604 337.8011 15.22019050010656
FLOCK 3P 12
1 41972U 17008AA  17117.88122961 +.00005388 +00000-0 +23847-3 0  9994
2 41972 097.4999 179.3388 0008600 022.3591 337.8019 15.22058212010805
FLOCK 3P 9
1 41973U 17008AB  17117.88342021 +.00003011 +00000-0 +13492-3 0  9992
2 41973 097.5002 179.3377 0008690 020.5803 339.5782 15.21997919010806
FLOCK 3P 10
1 41974U 17008AC  17117.88043921 +.00004893 +00000-0 +21654-3 0  9998
2 41974 097.5002 179.3420 0008531 021.9511 338.2088 15.22109396010698
FLOCK 3P 11
1 41975U 17008AD  17117.88379102 +.00004913 +00000-0 +21875-3 0  9990
2 41975 097.5001 179.3369 0008794 021.5084 338.6519 15.21898151010698
FLOCK 3P 60
1 41976U 17008AE  17117.93943174 +.00003280 +00000-0 +14569-3 0  9991
2 41976 097.5002 179.4164 0008551 022.9681 337.1936 15.22232550010067
FLOCK 3P 58
1 41977U 17008AF  17117.88036548 +.00001916 +00000-0 +86957-4 0  9999
2 41977 097.5003 179.3405 0008530 022.5439 337.6170 15.22016825010880
FLOCK 3P 57
1 41978U 17008AG  17117.94580222 +.00004497 +00000-0 +19938-3 0  9991
2 41978 097.5001 179.4073 0008545 020.8869 339.2714 15.22088768010736
FLOCK 3P 75
1 41979U 17008AH  17117.87954718 +.00004387 +00000-0 +19471-3 0  9999
2 41979 097.5022 179.3680 0008925 023.8619 336.3029 15.22063859010877
FLOCK 3P 70
1 41980U 17008AJ  17117.94512493 +.00003650 +00000-0 +16241-3 0  9993
2 41980 097.5023 179.4347 0008849 023.0226 337.1405 15.22095517010730
FLOCK 3P 73
1 41981U 17008AK  17117.94575462 +.00004886 +00000-0 +21666-3 0  9998
2 41981 097.5023 179.4334 0009024 023.1497 337.0144 15.22039306010861
FLOCK 3P 88
1 41982U 17008AL  17117.94373196 +.00003112 +00000-0 +13885-3 0  9994
2 41982 097.5020 179.4335 0008883 023.3692 336.7946 15.22119866009832
FLOCK 3P 85
1 41983U 17008AM  17117.93482036 +.00003024 +00000-0 +13437-3 0  9993
2 41983 097.5022 179.4462 0009031 026.9410 333.2294 15.22274907010736
FLOCK 3P 79
1 41984U 17008AN  17117.93576521 +.00003828 +00000-0 +16922-3 0  9991
2 41984 097.5022 179.4445 0008666 027.3592 332.8099 15.22285044010739
FLOCK 3P 86
1 41985U 17008AP  17117.93686574 +.00003203 +00000-0 +14213-3 0  9990
2 41985 097.5021 179.4421 0008632 026.7391 333.4289 15.22284445010727
FLOCK 3P 36
1 41986U 17008AQ  17117.93983630 +.00004372 +00000-0 +19316-3 0  9991
2 41986 097.5004 179.4164 0008120 024.3269 335.8349 15.22227541010214
FLOCK 3P 30
1 41987U 17008AR  17117.93325730 +.00003216 +00000-0 +14245-3 0  9995
2 41987 097.5004 179.4260 0008200 026.4059 333.7594 15.22346748010682
