TDRS 3
1 19548U 88091B   17117.43482086 -.00000309 +00000-0 +00000-0 0  9998
2 19548 014.4377 008.4853 0038291 314.2229 347.1134 01.00274614091894
SKYNET 4C
1 20776U 90079A   17117.35448114 +.00000118 +00000-0 +00000-0 0  9994
2 20776 013.8074 016.6196 0002327 001.9377 358.0135 01.00274747097459
TDRS 5
1 21639U 91054B   17117.70188633 +.00000077 +00000-0 +00000-0 0  9997
2 21639 014.3454 021.9512 0025210 344.6898 294.5266 01.00262986094243
TDRS 6
1 22314U 93003B   17117.43419350 -.00000301 +00000-0 +00000-0 0  9998
2 22314 013.8692 024.8717 0006388 315.6641 345.3318 01.00265130088970
INTELSAT 701
1 22871U 93066A   17117.84915325 -.00000228 +00000-0 +00000-0 0  9991
2 22871 004.1027 067.2656 0003830 326.2480 098.6790 01.00270267085958
ASTRA 1D
1 23331U 94070A   17117.94887056 -.00000297 +00000-0 +00000-0 0  9995
2 23331 007.4884 049.6425 0003975 337.7411 123.0119 01.00270333082821
BRAZILSAT B2
1 23536U 95016A   17117.25374222 -.00000287 +00000-0 +00000-0 0  9992
2 23536 007.1112 051.5320 0001897 343.0176 204.2203 01.00270849080842
AMSC 1
1 23553U 95019A   17116.80157384 -.00000121 +00000-0 +00000-0 0  9999
2 23553 010.0205 040.3317 0005329 345.7280 014.1729 01.00273269080703
TDRS 7
1 23613U 95035B   17117.68131510 -.00000210 +00000-0 +00000-0 0  9993
2 23613 014.9559 015.6529 0032064 358.5136 171.6632 01.00276770079680
ECHOSTAR 1
1 23754U 95073A   17117.51259294 -.00000252 +00000-0 +00000-0 0  9999
2 23754 000.7063 090.2833 0002531 293.7045 298.9798 01.00272672018946
INMARSAT 3-F1
1 23839U 96020A   17117.92549392 -.00000004 +00000-0 +00000-0 0  9997
2 23839 003.8911 067.7201 0006122 329.3836 216.6400 01.00273042076851
ASTRA 1F
1 23842U 96021A   17117.93035581 +.00000126 +00000-0 +00000-0 0  9997
2 23842 000.0435 004.9337 0003647 027.4447 202.9405 01.00272640018886
MSAT M1
1 23846U 96022A   17116.83767356 -.00000091 +00000-0 +00000-0 0  9994
2 23846 007.6767 049.1832 0005486 347.5035 012.3856 01.00272650076949
INMARSAT 3-F2
1 24307U 96053A   17117.26168468 -.00000134 +00000-0 +00000-0 0  9996
2 24307 002.5253 077.9378 0006520 302.6379 273.5684 01.00272241075555
AMC-1 (GE-1)
1 24315U 96054A   17116.99830703 +.00000049 +00000-0 +00000-0 0  9997
2 24315 001.4627 085.2444 0002541 312.9431 047.2340 01.00272459012855
MEASAT 2
1 24653U 96063B   17117.66310705 -.00000236 +00000-0 +00000-0 0  9991
2 24653 007.4101 050.0650 0006306 192.5242 359.9637 01.00272436074885
EUTE 48A (HB2)
1 24665U 96067A   17113.99054804 +.00000111 +00000-0 +00000-0 0  9996
2 24665 006.2716 055.4586 0005034 330.9125 230.6826 01.00273660075177
INMARSAT 3-F3
1 24674U 96070A   17117.63968044 +.00000026 +00000-0 +00000-0 0  9990
2 24674 003.3351 071.9923 0005920 325.4929 226.7369 01.00269553074503
AMC-2 (GE-2)
1 24713U 97002A   17117.46282128 -.00000220 +00000-0 +00000-0 0  9990
2 24713 004.2449 066.1892 0004965 329.2587 261.9464 01.00273046074112
INTELSAT 26 (JCSAT 4)
1 24732U 97007A   17117.80741380 -.00000006 +00000-0 +00000-0 0  9996
2 24732 007.3857 050.3876 0005476 003.0506 157.4337 01.00270756039274
GALAXY 25 (TELSTAR 5)
1 24812U 97026A   17116.66187462 -.00000173 +00000-0 +00000-0 0  9999
2 24812 000.0451 090.3866 0003544 305.2334 324.4126 01.00273150072894
ABS 3 (AGILA 2)
1 24901U 97042A   17117.80488368 -.00000204 +00000-0 +00000-0 0  9997
2 24901 004.7987 063.5399 0008362 325.4649 202.2346 01.00272611072086
INTELSAT 5 (PAS 5)
1 24916U 97046A   17117.16364104 -.00000150 +00000-0 +00000-0 0  9997
2 24916 003.4490 071.3292 0003546 321.5620 038.3528 01.00271601072157
AMC-3 (GE-3)
1 24936U 97050A   17117.53155150 -.00000271 +00000-0 +00000-0 0  9998
2 24936 000.2740 091.5953 0002576 307.6319 295.8336 01.00270355071973
NSS 5 (INTELSAT 803)
1 24957U 97053A   17117.93035581 +.00000098 +00000-0 +00000-0 0  9999
2 24957 003.7438 069.5263 0003313 320.8842 211.1239 01.00268268071710
ECHOSTAR 3
1 25004U 97059A   17117.79502708 -.00000294 +00000-0 +00000-0 0  9992
2 25004 002.0546 080.3892 0001312 283.8269 076.1678 01.00270852071597
JCSAT 5
1 25067U 97075A   17117.65636578 -.00000217 +00000-0 +00000-0 0  9992
2 25067 005.4745 059.2190 0003990 310.3321 232.5496 01.00271491073890
ASTRA 1G
1 25071U 97076A   17117.93035581 +.00000095 +00000-0 +00000-0 0  9999
2 25071 002.2219 078.5414 0003243 316.9076 206.6691 01.00273085071099
BRAZILSAT B3
1 25152U 98006A   17116.76880240 -.00000291 +00000-0 +00000-0 0  9992
2 25152 003.9372 068.5992 0003547 324.7262 035.1876 01.00274450010043
INMARSAT 3-F5
1 25153U 98006B   17117.58053549 -.00000298 +00000-0 +00000-0 0  9995
2 25153 002.4767 074.2479 0004250 318.8801 337.6097 01.00274335070420
NSS 806 (INTELSAT 806)
1 25239U 98014A   17117.49771485 -.00000291 +00000-0 +00000-0 0  9998
2 25239 000.0667 043.3045 0004164 347.0110 317.0595 01.00272070013836
CHINASAT 5A (CHINASTAR1)
1 25354U 98033A   17117.91114970 -.00000366 +00000-0 +00000-0 0  9997
2 25354 001.1354 087.3456 0002396 252.4935 329.7335 01.00267159073775
THOR 3
1 25358U 98035A   17117.57728456 -.00000053 +00000-0 +00000-0 0  9998
2 25358 005.3412 059.3790 0002298 330.8240 029.0523 01.00272039069385
INTELSAT 805
1 25371U 98037A   17117.77637519 -.00000044 +00000-0 +00000-0 0  9996
2 25371 000.0085 083.9267 0003083 318.9617 261.5410 01.00270643069082
ASTRA 2A
1 25462U 98050A   17117.86998072 -.00000372 +00000-0 +00000-0 0  9990
2 25462 000.0587 250.0045 0001821 114.1770 278.5134 01.00266930012886
AFRISTAR
1 25515U 98063A   17117.72039122 +.00000114 +00000-0 +00000-0 0  9993
2 25515 003.2049 069.8252 0004257 323.8405 102.5370 01.00272987067482
JCSAT 6
1 25630U 99006A   17116.84702260 -.00000165 +00000-0 +00000-0 0  9998
2 25630 002.1908 080.2430 0001676 325.9206 195.7184 01.00269989017133
SKYNET 4E
1 25639U 99009B   17116.98035801 +.00000014 +00000-0 +00000-0 0  9997
2 25639 010.0900 028.9973 0002841 005.3789 179.6513 01.00273014066543
ASIASAT 3S
1 25657U 99013A   17117.84214854 -.00000248 +00000-0 +00000-0 0  9995
2 25657 002.4061 078.4567 0003334 319.0948 267.6850 01.00270524066359
NIMIQ 1
1 25740U 99027A   17117.48989917 -.00000210 +00000-0 +00000-0 0  9991
2 25740 000.0077 263.8005 0005794 127.1301 274.5873 01.00272613065737
ASTRA 1H
1 25785U 99033A   17117.93035581 +.00000127 +00000-0 +00000-0 0  9992
2 25785 003.7288 069.6845 0002700 318.4700 206.3377 01.00271741017950
TELKOM 1
1 25880U 99042A   17117.83243694 -.00000357 +00000-0 +00000-0 0  9999
2 25880 000.0410 104.0944 0001395 320.7406 198.8135 01.00265354064924
ABS 7 (KOREASAT 3)
1 25894U 99046A   17117.91197160 -.00000375 +00000-0 +00000-0 0  9993
2 25894 000.0107 248.3542 0002385 163.2774 248.8804 01.00270507063661
ABS 6 (LMI 1)
1 25924U 99053A   17116.96068447 -.00000131 +00000-0 +00000-0 0  9994
2 25924 000.0242 086.2938 0003232 337.8423 295.9057 01.00270899064416
TELSTAR 12 (ORION 2)
1 25949U 99059A   17117.38035667 -.00000073 +00000-0 +00000-0 0  9997
2 25949 000.8286 088.8282 0002792 297.9184 216.5534 01.00270883064062
AMC-4 (GE-4)
1 25954U 99060A   17116.58960841 -.00000283 +00000-0 +00000-0 0  9990
2 25954 000.0747 083.6143 0002314 346.5514 289.8681 01.00272694010260
GALAXY 11
1 26038U 99071A   17117.93035581 +.00000124 +00000-0 +00000-0 0  9993
2 26038 000.0073 290.7859 0001167 042.6936 262.4449 01.00271306063646
HISPASAT 1C
1 26071U 00007A   17117.51230095 -.00000224 +00000-0 +00000-0 0  9994
2 26071 000.4599 088.5486 0009069 305.5308 282.2854 01.00269688063169
SUPERBIRD 4
1 26095U 00012A   17117.82820889 -.00000106 +00000-0 +00000-0 0  9995
2 26095 000.2942 094.8317 0003273 303.0241 278.2461 01.00271995011726
ASIASTAR
1 26107U 00016A   17117.85404823 -.00000344 +00000-0 +00000-0 0  9996
2 26107 001.5700 081.9783 0003796 314.6700 231.8181 01.00270047062466
EUTE 16C (SESAT 1)
1 26243U 00019A   17117.80715095 +.00000081 +00000-0 +00000-0 0  9998
2 26243 004.1728 066.5666 0002854 330.5413 123.9513 01.00274944062287
EUTE 36A (EUTE W4)
1 26369U 00028A   17117.86096794 -.00000153 +00000-0 +00000-0 0  9992
2 26369 000.9102 084.9793 0005368 347.4285 174.0633 01.00270144061971
TDRS 8
1 26388U 00034A   17117.31061349 -.00000232 +00000-0 +00000-0 0  9996
2 26388 007.4099 056.2608 0004718 257.7593 102.0921 01.00263738061713
ECHOSTAR 6
1 26402U 00038A   17117.46460757 -.00000157 +00000-0 +00000-0 0  9995
2 26402 004.0907 067.3481 0003248 325.4717 253.8669 01.00271136061479
INTELSAT 9 (PAS 9)
1 26451U 00043A   17117.94657378 -.00000282 +00000-0 +00000-0 0  9994
2 26451 003.4365 071.5444 0002688 315.4717 126.7630 01.00272717010685
BRAZILSAT B4
1 26469U 00046A   17116.89564228 -.00000179 +00000-0 +00000-0 0  9995
2 26469 001.5554 085.3555 0003117 314.4699 045.6975 01.00272426061498
NILESAT 102
1 26470U 00046B   17117.93470049 -.00000071 +00000-0 +00000-0 0  9991
2 26470 001.5766 083.7989 0004305 308.1969 153.6027 01.00271977011738
ASTRA 2B
1 26494U 00054A   17117.87757578 +.00000108 +00000-0 +00000-0 0  9994
2 26494 002.1096 079.1778 0005202 329.6321 142.5842 01.00274614013420
AMC-7 (GE-7)
1 26495U 00054B   17116.77791431 +.00000077 +00000-0 +00000-0 0  9994
2 26495 000.0432 082.2799 0001120 288.8817 348.8496 01.00272717060779
NSS 11 (AAP-1)
1 26554U 00059A   17117.90604911 -.00000358 +00000-0 +00000-0 0  9990
2 26554 000.0063 085.5734 0001949 322.2868 242.5888 01.00271778007848
NSAT 110
1 26559U 00060A   17117.91248865 -.00000364 +00000-0 +00000-0 0  9997
2 26559 000.0368 087.6857 0000970 003.3095 203.6529 01.00271882007815
AMC-6 (GE-6)
1 26580U 00067A   17117.50743608 -.00000285 +00000-0 +00000-0 0  9990
2 26580 000.0218 356.4381 0001281 014.5567 320.3637 01.00271374060515
INTELSAT 12 (PAS 12)
1 26590U 00068A   17117.93035581 +.00000124 +00000-0 +00000-0 0  9994
2 26590 000.3782 093.3320 0001540 294.8926 207.7699 01.00272133018259
INTELSAT 1R (PAS 1R)
1 26608U 00072A   17117.52112888 +.00000111 +00000-0 +00000-0 0  9996
2 26608 000.2105 089.2644 0001663 269.6291 247.5204 01.00009937060184
ANIK F1
1 26624U 00076A   17116.70124283 -.00000085 +00000-0 +00000-0 0  9990
2 26624 000.0398 103.7159 0001422 334.6556 281.6533 01.00271966060252
ASTRA 2D
1 26638U 00081A   17117.43027749 +.00000038 +00000-0 +00000-0 0  9998
2 26638 003.5537 070.2649 0001966 323.7234 036.1874 01.00271905019446
AMC-8 (GE-8)
1 26639U 00081B   17117.51147722 +.00000092 +00000-0 +00000-0 0  9992
2 26639 000.0332 080.0772 0003191 325.6418 215.1011 01.00272006059882
SKYNET 4F
1 26695U 01005B   17117.06777510 -.00000256 +00000-0 +00000-0 0  9998
2 26695 008.8418 037.0007 0002772 341.0792 187.5842 01.00271851059408
EUTE 28A (EB 1)
1 26719U 01011A   17117.93521792 +.00000142 +00000-0 +00000-0 0  9990
2 26719 000.0726 027.6068 0004605 002.0993 196.1408 01.00273062059081
INTELSAT 10 (PAS 10)
1 26766U 01019A   17117.93035581 +.00000114 +00000-0 +00000-0 0  9995
2 26766 001.4127 085.3638 0002139 290.5843 222.5639 01.00272879012179
INTELSAT 901
1 26824U 01024A   17117.90090181 -.00000154 +00000-0 +00000-0 0  9995
2 26824 000.0135 285.3709 0002681 101.3989 135.6098 01.00272019058237
ASTRA 2C
1 26853U 01025A   17117.92641178 +.00000033 +00000-0 +00000-0 0  9993
2 26853 000.2935 090.6741 0002799 300.6764 218.5592 01.00273170011594
ARTEMIS
1 26863U 01029A   17117.89753111 -.00000378 +00000-0 +00000-0 0  9998
2 26863 012.6809 033.5825 0001767 026.6924 241.9256 01.00272512010683
INTELSAT 902
1 26900U 01039A   17117.92594959 +.00000019 +00000-0 +00000-0 0  9999
2 26900 000.0099 278.1849 0002976 119.6629 213.5763 01.00272569057252
EUTELSAT 12 WEST B
1 26927U 01042A   17117.91873723 -.00000114 +00000-0 +00000-0 0  9997
2 26927 000.0595 038.9647 0005840 347.7510 147.6130 01.00270791057054
DIRECTV 4S
1 26985U 01052A   17117.42410554 -.00000125 +00000-0 +00000-0 0  9999
2 26985 000.0057 281.5796 0002007 119.7179 225.7744 01.00270575056522
INSAT 3C
1 27298U 02002A   17117.91937221 -.00000271 +00000-0 +00000-0 0  9994
2 27298 000.5182 091.6118 0004690 231.6543 317.2944 01.00269922055949
ECHOSTAR 7
1 27378U 02006A   17117.43382691 -.00000012 +00000-0 +00000-0 0  9992
2 27378 000.0601 083.5006 0001324 277.2206 252.2488 01.00270465017187
INTELSAT 904
1 27380U 02007A   17117.93035581 +.00000123 +00000-0 +00000-0 0  9996
2 27380 000.0464 091.3410 0002721 359.5396 145.2385 01.00272625018301
TDRS 9
1 27389U 02011A   17117.92058000 -.00000110 +00000-0 +00000-0 0  9997
2 27389 005.1478 079.6916 0020420 251.2959 204.2960 01.00273147056981
JCSAT 2A
1 27399U 02015A   17117.90172552 -.00000319 +00000-0 +00000-0 0  9990
2 27399 000.3725 092.7624 0000877 186.2937 037.6472 01.00275290055439
ASTRA 3A
1 27400U 02015B   17116.72497990 -.00000289 +00000-0 +00000-0 0  9994
2 27400 003.7174 069.0026 0002702 335.9286 023.9999 01.00272628055253
INTELSAT 903
1 27403U 02016A   17117.74532738 -.00000251 +00000-0 +00000-0 0  9990
2 27403 000.0199 275.9980 0002885 121.1229 052.6235 01.00271935012204
NSS 7
1 27414U 02019A   17117.68738644 -.00000167 +00000-0 +00000-0 0  9998
2 27414 001.7911 083.2758 0002707 321.2122 038.8366 01.00272050055091
DIRECTV 5 (TEMPO 1)
1 27426U 02023A   17116.70904308 -.00000066 +00000-0 +00000-0 0  9998
2 27426 000.0192 253.0937 0003274 147.2819 319.6487 01.00270450054862
INTELSAT 905
1 27438U 02027A   17117.87674363 -.00000197 +00000-0 +00000-0 0  9994
2 27438 000.0111 253.4625 0002843 117.2349 136.4867 01.00271456017919
EXPRESS 4A
1 27441U 02029A   17117.90296847 -.00000259 +00000-0 +00000-0 0  9990
2 27441 005.9779 056.8288 0002262 023.3526 246.1482 01.00265198054500
GALAXY 3C
1 27445U 02030A   17116.66721878 -.00000161 +00000-0 +00000-0 0  9997
2 27445 000.0185 287.7924 0001743 051.7560 020.4537 01.00271418013106
EUTE 5 WEST A (STELLAT5)
1 27460U 02035A   17117.41519679 -.00000054 +00000-0 +00000-0 0  9998
2 27460 000.0541 048.4484 0005148 343.4483 328.1425 01.00271934054168
NSTAR C
1 27461U 02035B   17117.77656080 -.00000320 +00000-0 +00000-0 0  9992
2 27461 004.5396 065.0686 0004106 322.8350 243.5936 01.00274166054260
ECHOSTAR 8
1 27501U 02039A   17117.71514125 -.00000236 +00000-0 +00000-0 0  9994
2 27501 000.9886 088.6082 0011140 347.6384 317.9643 01.00186446053812
EUTE 12 WEST A (AB 1)
1 27508U 02040A   17116.50367880 -.00000255 +00000-0 +00000-0 0  9994
2 27508 000.0716 353.5647 0006501 032.2253 334.2515 01.00272471053724
METEOSAT 8 (MSG 1)
1 27509U 02040B   17117.67664500 +.00000131 +00000-0 +00000-0 0  9995
2 27509 004.7557 058.5253 0000941 266.9424 175.5485 01.00262079053794
INTELSAT 906
1 27513U 02041A   17117.80674681 +.00000001 +00000-0 +00000-0 0  9993
2 27513 000.0235 268.9750 0002993 131.2485 170.3374 01.00273219053574
DRTS
1 27516U 02042B   17117.80227965 -.00000250 +00000-0 +00000-0 0  9993
2 27516 004.9535 062.3425 0003255 340.1842 193.0170 01.00271423012440
KALPANA 1 (METSAT 1)
1 27525U 02043A   17117.35141353 -.00000087 +00000-0 +00000-0 0  9998
2 27525 006.2678 055.5575 0013379 237.2420 122.5229 01.00273567053593
HISPASAT 1D
1 27528U 02044A   17117.87665264 -.00000229 +00000-0 +00000-0 0  9999
2 27528 000.0332 353.8021 0004800 025.2114 122.6347 01.00272121009351
TDRS 10
1 27566U 02055A   17117.04900725 +.00000070 +00000-0 +00000-0 0  9999
2 27566 004.9483 058.6279 0009378 246.4828 113.3121 01.00271717052762
NSS 6
1 27603U 02057A   17117.91091101 -.00000283 +00000-0 +00000-0 0  9995
2 27603 000.0468 087.4320 0001344 282.6637 268.9063 01.00270011052630
NIMIQ 2
1 27632U 02062A   17116.67575144 -.00000223 +00000-0 +00000-0 0  9993
2 27632 001.8893 082.1930 0003745 249.6130 110.4679 00.99547659052401
INTELSAT 907
1 27683U 03007A   17117.47743308 -.00000214 +00000-0 +00000-0 0  9997
2 27683 000.0112 258.5995 0002868 144.7855 316.6455 01.00270988051981
GALAXY 12
1 27715U 03013B   17117.47480003 +.00000047 +00000-0 +00000-0 0  9993
2 27715 000.0610 089.8594 0001695 307.5230 220.1919 01.00271940018675
ASIASAT 4
1 27718U 03014A   17117.82757797 -.00000373 +00000-0 +00000-0 0  9996
2 27718 000.0477 098.6673 0000257 311.0494 226.2992 01.00268620051452
HELLAS-SAT 2
1 27811U 03020A   17117.93521792 +.00000139 +00000-0 +00000-0 0  9992
2 27811 000.0425 086.6161 0003703 305.9869 199.1440 01.00271488009393
AMC-9 (GE-12)
1 27820U 03024A   17117.50551885 -.00000227 +00000-0 +00000-0 0  9994
2 27820 000.0235 292.0436 0002626 094.1854 288.4387 01.00270023050914
THURAYA 2
1 27825U 03026A   17117.51764172 +.00000119 +00000-0 +00000-0 0  9996
2 27825 004.8746 028.9310 0004609 356.0434 061.0687 01.00274042050881
OPTUS C1
1 27831U 03028B   17117.76236484 -.00000160 +00000-0 +00000-0 0  9999
2 27831 000.0310 190.7453 0002386 221.6695 233.9786 01.00271337019592
ECHOSTAR 12 (RAINBOW 1)
1 27852U 03033A   17117.94904992 -.00000295 +00000-0 +00000-0 0  9993
2 27852 000.0032 048.2035 0000939 331.7742 116.6164 01.00270169050524
GALAXY 23 (TELSTAR 13)
1 27854U 03034A   17117.38108368 +.00000001 +00000-0 +00000-0 0  9991
2 27854 000.0204 134.0337 0002988 259.8204 197.8948 01.00271212050278
EUTE 33A (EB 3)
1 27948U 03043A   17117.87271644 +.00000140 +00000-0 +00000-0 0  9991
2 27948 002.2720 078.4586 0002148 231.0387 251.5634 01.00271428012017
HORIZONS 1 (GALAXY 13)
1 27954U 03044A   17117.43868888 +.00000036 +00000-0 +00000-0 0  9997
2 27954 000.0500 096.9803 0000764 318.8048 190.7435 01.00271160049693
CHINASAT 20
1 28082U 03052A   17117.46768166 -.00000336 +00000-0 +00000-0 0  9994
2 28082 003.4072 071.5319 0003959 304.3480 111.4306 01.00270634049295
YAMAL 202
1 28089U 03053A   17117.93035581 +.00000106 +00000-0 +00000-0 0  9996
2 28089 000.0634 083.2940 0003496 309.6706 207.0284 01.00274806049218
SESAT 2 (EXPRESS AM-22)
1 28134U 03060A   17117.91577310 -.00000150 +00000-0 +00000-0 0  9994
2 28134 000.3458 090.5762 0000094 209.0401 326.2422 01.00271102048814
AMC-10 (GE-10)
1 28154U 04003A   17117.70168354 +.00000076 +00000-0 +00000-0 0  9991
2 28154 000.0151 288.3657 0002624 135.1563 269.9492 01.00272473048465
MBSAT
1 28184U 04007A   17117.81160571 +.00000028 +00000-0 +00000-0 0  9990
2 28184 000.0230 275.3988 0001871 120.7392 172.9886 01.00272530018878
EUTE 7A (EUTE W3A)
1 28187U 04008A   17117.88243532 +.00000034 +00000-0 +00000-0 0  9997
2 28187 000.0702 001.5133 0003087 052.0990 127.1030 01.00270214047926
DIRECTV 7S
1 28238U 04016A   17117.43382691 -.00000010 +00000-0 +00000-0 0  9999
2 28238 000.0321 047.4470 0002723 349.4632 215.8149 01.00269925047603
AMC-11 (GE-11)
1 28252U 04017A   17117.63471220 +.00000057 +00000-0 +00000-0 0  9995
2 28252 000.0236 329.2628 0002593 072.5884 271.4431 01.00271585047234
INTELSAT 1002
1 28358U 04022A   17117.81437965 -.00000024 +00000-0 +00000-0 0  9991
2 28358 000.0153 175.9473 0000462 116.6379 215.5888 01.00271268047182
APSTAR 5 (TELSTAR 18)
1 28364U 04024A   17117.80604922 -.00000307 +00000-0 +00000-0 0  9992
2 28364 000.0371 100.1185 0003166 303.6607 240.3729 01.00272600047155
ANIK F2
1 28378U 04027A   17117.50219032 -.00000062 +00000-0 +00000-0 0  9999
2 28378 000.0255 347.1699 0000396 260.3333 037.8886 01.00271537007822
AMAZONAS
1 28393U 04031A   17117.29146619 -.00000256 +00000-0 +00000-0 0  9992
2 28393 001.6466 083.9017 0004038 320.7703 239.5517 01.00271648046602
AMC-15
1 28446U 04041A   17117.41694934 -.00000100 +00000-0 +00000-0 0  9992
2 28446 000.0788 070.8686 0001712 306.8840 242.8742 01.00271398045913
AMC-16
1 28472U 04048A   17117.48285421 -.00000218 +00000-0 +00000-0 0  9992
2 28472 000.0219 341.5826 0002794 075.7071 247.2063 01.00272091045347
NSS 10 (AMC-12)
1 28526U 05003A   17117.73270097 -.00000263 +00000-0 +00000-0 0  9995
2 28526 000.0223 307.8152 0002611 084.6656 049.7424 01.00270331044851
XTAR-EUR
1 28542U 05005A   17117.32091317 +.00000139 +00000-0 +00000-0 0  9997
2 28542 000.0388 084.7742 0002643 305.5684 329.6808 01.00271994044748
XM-3
1 28626U 05008A   17117.47436293 -.00000217 +00000-0 +00000-0 0  9993
2 28626 000.0450 066.9409 0000346 174.8171 059.5523 01.00270635044596
INMARSAT 4-F1
1 28628U 05009A   17117.03392840 -.00000272 +00000-0 +00000-0 0  9998
2 28628 002.8709 011.2869 0002823 029.9554 329.6820 01.00271451044201
APSTAR 6
1 28638U 05012A   17117.90572722 -.00000331 +00000-0 +00000-0 0  9994
2 28638 000.0064 151.8062 0002354 263.8070 260.5354 01.00271747068943
SPACEWAY 1
1 28644U 05015A   17117.35305598 -.00000114 +00000-0 +00000-0 0  9997
2 28644 000.0080 201.0782 0000376 066.0325 332.6012 01.00272836013125
DIRECTV 8
1 28659U 05019A   17116.68338213 -.00000126 +00000-0 +00000-0 0  9995
2 28659 000.0111 265.2696 0003143 133.0633 321.6895 01.00269929043673
GALAXY 28 (IA 8)
1 28702U 05022A   17117.43521699 -.00000197 +00000-0 +00000-0 0  9992
2 28702 000.0061 191.6243 0001605 202.3874 249.2715 01.00270588018642
EXPRESS AM-3
1 28707U 05023A   17117.98029328 -.00000335 +00000-0 +00000-0 0  9994
2 28707 000.0018 157.7792 0001205 255.5365 258.7300 01.00269697043385
IPSTAR 1
1 28786U 05028A   17117.91212845 -.00000376 +00000-0 +00000-0 0  9992
2 28786 000.0117 274.7736 0001953 112.0065 277.1460 01.00268213018819
GALAXY 14
1 28790U 05030A   17117.43868888 +.00000025 +00000-0 +00000-0 0  9991
2 28790 000.0109 236.7748 0002121 141.2559 230.5041 01.00272833042836
ANIK F1-R
1 28868U 05036A   17117.04493699 -.00000085 +00000-0 +00000-0 0  9991
2 28868 000.0562 071.6647 0002884 323.4250 089.0143 01.00271681013048
GALAXY 15
1 28884U 05041A   17117.63438270 +.00000066 +00000-0 +00000-0 0  9992
2 28884 000.0250 092.8477 0001657 315.0810 263.2601 01.00273269042155
SYRACUSE 3A
1 28885U 05041B   17117.90644469 +.00000116 +00000-0 +00000-0 0  9998
2 28885 000.0146 316.4540 0003003 082.3296 190.5886 01.00272428042293
INMARSAT 4-F2
1 28899U 05044A   17117.25403834 -.00000001 +00000-0 +00000-0 0  9997
2 28899 002.5645 011.1945 0002504 028.9255 330.6550 01.00272957042059
TELKOM 2
1 28902U 05046A   17112.60952086 -.00000371 +00000-0 +00000-0 0  9996
2 28902 000.0266 242.9679 0000869 181.3340 123.8784 01.00267947041722
SPACEWAY 2
1 28903U 05046B   17117.42410554 -.00000138 +00000-0 +00000-0 0  9992
2 28903 000.0049 070.7398 0000043 013.8276 184.6348 01.00271174017875
INSAT 4A
1 28911U 05049A   17116.17395585 -.00000175 +00000-0 +00000-0 0  9992
2 28911 000.1043 094.1062 0003408 233.5604 032.3220 01.00271444041618
METEOSAT 9 (MSG 2)
1 28912U 05049B   17117.16504358 +.00000051 +00000-0 +00000-0 0  9995
2 28912 002.1048 070.8043 0000560 129.4061 083.7904 01.00269537041600
EUTE 172A (GE 23)
1 28924U 05052A   17117.76842414 -.00000019 +00000-0 +00000-0 0  9991
2 28924 000.0703 010.8219 0005754 025.2854 268.4485 01.00271679041516
ECHOSTAR 10
1 28935U 06003A   17117.42896751 -.00000067 +00000-0 +00000-0 0  9999
2 28935 000.0615 074.0173 0001548 346.7063 199.1105 01.00270856041011
MTSAT 2
1 28937U 06004A   17117.84214854 -.00000255 +00000-0 +00000-0 0  9995
2 28937 000.0692 092.9658 0003474 306.2616 264.9760 01.00274084041015
SPAINSAT
1 28945U 06007A   17117.48431187 -.00000228 +00000-0 +00000-0 0  9997
2 28945 000.0173 210.3523 0002243 182.6197 327.0499 01.00271268040760
EUTE 9A (HB 7A)
1 28946U 06007B   17117.36526661 +.00000075 +00000-0 +00000-0 0  9996
2 28946 000.0601 261.0072 0002876 185.4509 273.5828 01.00269346040832
JCSAT 9
1 29045U 06010A   17117.81793146 -.00000341 +00000-0 +00000-0 0  9992
2 29045 000.0107 273.1860 0001857 152.7965 216.5010 01.00270140040311
ASTRA 1KR
1 29055U 06012A   17117.83105093 +.00000107 +00000-0 +00000-0 0  9994
2 29055 000.0466 276.8626 0001146 045.2221 212.2600 01.00270484012264
GOES 13
1 29155U 06018A   17116.61117068 -.00000261 +00000-0 +00000-0 0  9993
2 29155 000.2882 273.0145 0004779 151.5840 295.4602 01.00276158009925
EUTE 113 WEST A(SATMEX 6
1 29162U 06020A   17116.71700910 -.00000048 +00000-0 +00000-0 0  9992
2 29162 000.0112 330.6056 0002968 071.1814 318.2445 01.00272935040006
THAICOM 5
1 29163U 06020B   17117.91577310 -.00000134 +00000-0 +00000-0 0  9998
2 29163 000.0284 271.5765 0003396 102.7062 249.9736 01.00270607040039
GALAXY 16
1 29236U 06023A   17117.37549479 -.00000139 +00000-0 +00000-0 0  9992
2 29236 000.0137 249.4336 0002744 159.5844 202.7179 01.00273983039765
EUTE HOT BIRD 13B (HB 8)
1 29270U 06032A   17117.87757578 +.00000073 +00000-0 +00000-0 0  9992
2 29270 000.0853 323.7507 0005202 055.9991 165.2138 01.00269811013864
JCSAT 10
1 29272U 06033A   17117.92285122 -.00000358 +00000-0 +00000-0 0  9999
2 29272 000.0152 267.6496 0001703 146.7151 261.9523 01.00268065014278
SYRACUSE 3B
1 29273U 06033B   17117.95206821 -.00000057 +00000-0 +00000-0 0  9998
2 29273 000.0117 305.8412 0004801 073.2201 174.6100 01.00272538039251
KOREASAT 5
1 29349U 06034A   17117.83243694 -.00000371 +00000-0 +00000-0 0  9998
2 29349 000.0159 073.3539 0000675 038.0463 157.3403 01.00270107007857
CHINASAT 22A
1 29398U 06038A   17117.90552795 -.00000330 +00000-0 +00000-0 0  9994
2 29398 005.7030 058.0665 0001808 254.5274 331.2123 01.00269188038948
DIRECTV 9S
1 29494U 06043A   17117.42410554 -.00000126 +00000-0 +00000-0 0  9993
2 29494 000.0134 226.1841 0003130 166.9350 234.0600 01.00272237017938
OPTUS D1
1 29495U 06043B   17117.72549699 -.00000123 +00000-0 +00000-0 0  9997
2 29495 000.0559 082.6865 0003257 310.8258 243.5612 01.00271121038659
XM-4
1 29520U 06049A   17117.43382691 -.00000035 +00000-0 +00000-0 0  9999
2 29520 000.0031 028.1297 0000042 071.0407 157.3869 01.00271409038529
ARABSAT 4B
1 29526U 06051A   17117.87271644 +.00000131 +00000-0 +00000-0 0  9997
2 29526 000.0517 336.9457 0005039 020.5747 198.6813 01.00271332017843
FENGYUN 2D
1 29640U 06053A   17117.90188513 -.00000371 +00000-0 +10000-3 0  9993
2 29640 004.3605 064.6207 0004790 342.3052 257.6462 01.00276521038091
WILDBLUE 1
1 29643U 06054A   17117.50219032 -.00000061 +00000-0 +00000-0 0  9996
2 29643 000.0414 097.9911 0001463 294.5324 252.7651 01.00271160020338
AMC-18
1 29644U 06054B   17117.42896751 -.00000101 +00000-0 +00000-0 0  9992
2 29644 000.0132 078.3974 0002385 317.0840 229.5778 01.00269595038123
MEASAT 3
1 29648U 06056A   17117.80227965 -.00000255 +00000-0 +00000-0 0  9995
2 29648 000.0631 111.3791 0002369 340.0316 144.9012 01.00271711016997
INSAT 4B
1 30793U 07007A   17117.91091101 -.00000272 +00000-0 +00000-0 0  9997
2 30793 000.0102 238.0917 0006804 182.6519 216.7794 01.00273110008747
SKYNET 5A
1 30794U 07007B   17117.79952494 -.00000285 +00000-0 +00000-0 0  9999
2 30794 000.0706 015.9449 0003541 024.0039 199.0655 01.00272385037239
ANIK F3
1 31102U 07009A   17117.38881730 -.00000013 +00000-0 +00000-0 0  9993
2 31102 000.0113 269.6619 0001772 130.0690 197.1072 01.00273748036861
ASTRA 1L
1 31306U 07016A   17117.87757578 +.00000106 +00000-0 +00000-0 0  9995
2 31306 000.0648 307.2017 0003507 042.3918 201.5543 01.00269925011618
GALAXY 17
1 31307U 07016B   17117.45037390 -.00000186 +00000-0 +00000-0 0  9992
2 31307 000.0491 057.1226 0003199 345.3070 244.3425 01.00272232036481
CHINASAT 6B
1 31800U 07031A   17117.91197160 -.00000375 +00000-0 +00000-0 0  9990
2 31800 000.0154 291.8261 0002141 084.2496 283.8270 01.00272103035974
DIRECTV 10
1 31862U 07032A   17116.68879987 -.00000114 +00000-0 +00000-0 0  9997
2 31862 000.0137 292.6008 0000413 351.9429 075.4605 01.00273325012161
SPACEWAY 3
1 32018U 07036A   17117.37549479 -.00000163 +00000-0 +00000-0 0  9996
2 32018 000.0452 073.0857 0000335 196.3082 346.3893 01.00271258013126
BSAT-3A
1 32019U 07036B   17117.09682664 -.00000362 +00000-0 +00000-0 0  9991
2 32019 000.0374 193.0130 0000772 061.0105 105.9763 01.00270919017038
INSAT 4CR
1 32050U 07037A   17117.90644390 +.00000112 +00000-0 +00000-0 0  9993
2 32050 000.0822 094.4984 0003071 282.0344 213.7044 01.00273401017935
OPTUS D2
1 32252U 07044A   17117.84198639 -.00000196 +00000-0 +00000-0 0  9991
2 32252 000.0450 083.1917 0003434 311.3426 276.6057 01.00271653035116
INTELSAT 11 (PAS 11)
1 32253U 07044B   17117.65367050 -.00000281 +00000-0 +00000-0 0  9991
2 32253 000.0345 130.9941 0001493 256.5767 020.6001 01.00273233035133
STAR ONE C1
1 32293U 07056A   17116.58402931 -.00000287 +00000-0 +00000-0 0  9993
2 32293 000.0333 089.4449 0002673 317.0484 313.5379 01.00272180018318
SKYNET 5B
1 32294U 07056B   17117.87271644 +.00000129 +00000-0 +00000-0 0  9996
2 32294 000.0693 001.4218 0003641 032.0755 161.8121 01.00271567034750
ASTRA 4A (SIRIUS 4)
1 32299U 07057A   17117.88243532 +.00000019 +00000-0 +00000-0 0  9996
2 32299 000.0186 062.3217 0002505 324.2792 151.9313 01.00268930018241
HORIZONS 2
1 32388U 07063B   17117.80488368 -.00000195 +00000-0 +00000-0 0  9998
2 32388 000.0119 290.0196 0002884 106.1771 194.3778 01.00270749034397
THURAYA 3
1 32404U 08001A   17117.90604911 -.00000319 +00000-0 +00000-0 0  9993
2 32404 004.0792 353.2407 0004382 032.7683 254.7415 01.00272108034058
EXPRESS AM-33
1 32478U 08003A   17117.91091100 -.00000294 +00000-0 +00000-0 0  9999
2 32478 000.0102 294.7657 0000819 170.9054 174.8209 01.00270238034150
THOR 5
1 32487U 08006A   17117.88730039 -.00000022 +00000-0 +00000-0 0  9998
2 32487 000.0160 246.7298 0002401 149.3993 138.6041 01.00270712033847
WINDS (KIZUNA)
1 32500U 08007A   17117.90533324 -.00000271 +00000-0 +00000-0 0  9992
2 32500 000.7277 090.4811 0002917 317.8243 276.6776 01.00272422033439
AMC-14
1 32708U 08011A   17117.16471829 +.00000093 +00000-0 +00000-0 0  9997
2 32708 019.0270 063.6120 0041593 354.6375 234.3843 01.00276074034623
DIRECTV 11
1 32729U 08013A   17117.42410554 -.00000138 +00000-0 +00000-0 0  9990
2 32729 000.0038 299.0058 0000098 075.2139 254.8818 01.00271660033468
ICO G-1
1 32763U 08016A   17117.46492965 -.00000187 +00000-0 +00000-0 0  9995
2 32763 003.8597 354.3737 0003236 044.7954 250.9892 01.00273047033111
VINASAT 1
1 32767U 08018A   17117.03573191 -.00000340 +00000-0 +00000-0 0  9996
2 32767 000.0028 292.5882 0001442 113.5214 313.9022 01.00271211033158
STAR ONE C2
1 32768U 08018B   17116.59793540 -.00000275 +00000-0 +00000-0 0  9996
2 32768 000.0606 113.4158 0003130 331.3196 275.3092 01.00271166033217
TIANLIAN 1-01
1 32779U 08019A   17117.86096794 -.00000150 +00000-0 +10000-3 0  9993
2 32779 002.6970 076.3341 0034842 233.7714 295.9543 01.00270881033006
AMOS 3
1 32794U 08022A   17117.96761240 -.00000049 +00000-0 +00000-0 0  9993
2 32794 000.0155 234.8143 0002036 123.3092 202.2394 01.00270513048917
GALAXY 18
1 32951U 08024A   17116.74457174 +.00000014 +00000-0 +00000-0 0  9994
2 32951 000.0140 219.4846 0003215 187.1833 313.3589 01.00271659032618
CHINASAT 9
1 33051U 08028A   17117.97324649 -.00000261 +00000-0 +00000-0 0  9991
2 33051 000.0047 285.5177 0003738 111.7774 261.4213 01.00271797032546
SKYNET 5C
1 33055U 08030A   17117.90377468 -.00000153 +00000-0 +00000-0 0  9998
2 33055 000.0658 001.4967 0003395 052.2411 109.8755 01.00270172032504
TURKSAT 3A
1 33056U 08030B   17117.93521792 +.00000132 +00000-0 +00000-0 0  9999
2 33056 000.0666 084.4947 0004842 320.2943 190.0067 01.00274651018899
INTELSAT 25(PROTOSTAR 1)
1 33153U 08034A   17117.48848125 -.00000236 +00000-0 +00000-0 0  9999
2 33153 000.0046 230.1087 0002637 145.1540 344.7532 01.00270445032170
BADR 6
1 33154U 08034B   17117.73656907 +.00000132 +00000-0 +00000-0 0  9997
2 33154 000.0600 040.1248 0005610 003.9615 103.0181 01.00275592032290
ECHOSTAR 11
1 33207U 08035A   17116.70871715 -.00000067 +00000-0 +00000-0 0  9997
2 33207 000.0522 080.5222 0002800 325.2483 314.2613 01.00271502017783
SUPERBIRD 7
1 33274U 08038A   17117.84214854 -.00000264 +00000-0 +00000-0 0  9994
2 33274 000.0127 280.6787 0000851 099.0281 283.4318 01.00273085072264
AMC-21
1 33275U 08038B   17117.43868888 +.00000024 +00000-0 +00000-0 0  9995
2 33275 000.0631 075.9926 0002536 332.5006 200.1490 01.00270678032029
INMARSAT 4-F3
1 33278U 08039A   17117.42410554 -.00000151 +00000-0 +00000-0 0  9993
2 33278 003.0225 000.9699 0002772 039.4011 229.9191 01.00272916031797
NIMIQ 4
1 33373U 08044A   17117.50551885 -.00000232 +00000-0 +00000-0 0  9997
2 33373 000.0217 277.7598 0002327 122.9872 274.8937 01.00269859031500
GALAXY 19
1 33376U 08045A   17116.67266587 -.00000149 +00000-0 +00000-0 0  9997
2 33376 000.0117 257.7656 0002598 137.0528 325.2075 01.00269365031483
VENESAT-1
1 33414U 08055A   17117.49768817 -.00000250 +00000-0 +00000-0 0  9998
2 33414 000.0190 265.8945 0001514 151.7876 259.1381 01.00272877031212
ASTRA 1M
1 33436U 08057A   17117.87757578 +.00000107 +00000-0 +00000-0 0  9998
2 33436 000.0084 236.1458 0003096 214.5664 100.4560 01.00274229012284
CIEL-2
1 33453U 08063A   17117.45309159 +.00000046 +00000-0 +00000-0 0  9998
2 33453 000.0342 099.5233 0002719 298.0751 212.2897 01.00271967030693
EUTE HOT BIRD 13C (HB 9)
1 33459U 08065A   17117.36532475 +.00000074 +00000-0 +00000-0 0  9996
2 33459 000.0529 327.2582 0005238 087.9989 304.8003 01.00269480013911
EUTE 28B (EUTE W2M)
1 33460U 08065B   17117.90644359 +.00000111 +00000-0 +00000-0 0  9995
2 33460 000.0689 052.8634 0001497 344.9353 192.6858 01.00269366030567
FENGYUN 2E
1 33463U 08066A   17117.86649177 -.00000218 +00000-0 +00000-0 0  9996
2 33463 002.0878 066.6220 0003340 220.4014 328.0984 01.00269577030623
EXPRESS AM-44
1 33595U 09007A   17117.60674503 -.00000101 +00000-0 +00000-0 0  9992
2 33595 000.0039 303.3145 0001238 159.7809 320.1259 01.00272521030095
NSS 9
1 33749U 09008A   17117.66734164 +.00000059 +00000-0 +00000-0 0  9991
2 33749 000.0188 055.3374 0001884 333.7401 250.0431 01.00270547030053
EUTE HOT BIRD 13D (HB10)
1 33750U 09008B   17117.93521792 +.00000142 +00000-0 +00000-0 0  9997
2 33750 000.0623 068.7867 0001587 324.4533 192.6223 01.00272907029990
TELSTAR 11N
1 34111U 09009A   17117.72585248 -.00000263 +00000-0 +00000-0 0  9998
2 34111 000.0148 260.4364 0002369 113.1434 066.0677 01.00269133012771
EUTE 10A (EUTE W2A)
1 34710U 09016A   17117.88243532 +.00000055 +00000-0 +00000-0 0  9993
2 34710 000.0690 010.5032 0005323 025.7183 147.4880 01.00272154007799
SES 7 (PROTOSTAR 2)
1 34941U 09027A   17117.90604911 -.00000358 +00000-0 +00000-0 0  9993
2 34941 000.0620 078.3407 0001694 224.2225 347.9624 01.00271474029179
MEASAT 3A
1 35362U 09032A   17117.14778016 -.00000253 +00000-0 +00000-0 0  9995
2 35362 000.0304 214.6134 0000072 255.9562 249.4394 01.00269246028771
GOES 14
1 35491U 09033A   17116.69224996 -.00000105 +00000-0 +00000-0 0  9997
2 35491 000.1660 103.8623 0004668 130.2036 125.8996 01.00271284028688
SIRIUS FM-5
1 35493U 09034A   17117.48990042 -.00000212 +00000-0 +00000-0 0  9999
2 35493 000.0137 277.4101 0001070 063.8866 324.5728 01.00268563028501
TERRESTAR 1
1 35496U 09035A   17116.66440281 -.00000070 +00000-0 +00000-0 0  9999
2 35496 002.9355 343.4206 0003037 052.3565 307.2458 01.00272152028700
ASIASAT 5
1 35696U 09042A   17117.97022532 -.00000321 +00000-0 +00000-0 0  9998
2 35696 000.0041 243.9910 0001381 126.5521 295.3830 01.00271634028205
JCSAT 12
1 35755U 09044A   17117.04681684 -.00000357 +00000-0 +00000-0 0  9992
2 35755 000.0660 064.2889 0000742 358.6905 297.0366 01.00270836028151
OPTUS D3
1 35756U 09044B   17117.76236484 -.00000160 +00000-0 +00000-0 0  9998
2 35756 000.0504 041.6616 0004002 343.4132 261.3023 01.00270896028108
PALAPA D
1 35812U 09046A   17117.08831145 -.00000370 +00000-0 +00000-0 0  9996
2 35812 000.0175 316.1497 0001952 115.7115 288.1684 01.00272761028219
NIMIQ 5
1 35873U 09050A   17117.52575233 -.00000269 +00000-0 +00000-0 0  9997
2 35873 000.0517 089.3804 0001855 304.0795 298.8058 01.00270995027899
AMAZONAS 2
1 35942U 09054A   17117.94904992 -.00000295 +00000-0 +00000-0 0  9991
2 35942 000.0573 106.6638 0003096 331.7094 058.4163 01.00271569027732
COMSATBW-1
1 35943U 09054B   17117.92549392 +.00000011 +00000-0 +00000-0 0  9994
2 35943 000.0569 080.7719 0002429 325.3108 206.1675 01.00270661027848
NSS 12
1 36032U 09058A   17117.24337260 +.00000059 +00000-0 +00000-0 0  9994
2 36032 000.0444 079.1380 0002824 327.4447 313.4490 01.00273282027483
THOR 6
1 36033U 09058B   17117.88730039 -.00000023 +00000-0 +00000-0 0  9998
2 36033 000.0279 137.2384 0001915 285.2981 112.1018 01.00272109027571
INTELSAT 14
1 36097U 09064A   17116.52862781 -.00000284 +00000-0 +00000-0 0  9994
2 36097 000.0184 268.3720 0002200 122.4376 329.2124 01.00272664027232
EUTE 36B (EUTE W7)
1 36101U 09065A   17117.93521792 +.00000142 +00000-0 +00000-0 0  9993
2 36101 000.0699 010.5563 0004447 029.0687 189.0472 01.00271731027268
INTELSAT 15
1 36106U 09067A   17117.91577310 -.00000199 +00000-0 +00000-0 0  9998
2 36106 000.0081 295.5587 0002095 084.5430 250.8097 01.00272075007842
DIRECTV 12
1 36131U 09075A   17117.43745505 -.00000115 +00000-0 +00000-0 0  9993
2 36131 000.0088 230.3254 0000208 100.9137 299.0622 01.00271978013135
BEIDOU G1
1 36287U 10001A   17117.80604922 -.00000298 +00000-0 +00000-0 0  9996
2 36287 001.4997 356.9041 0001858 169.8506 119.4197 01.00275049026708
RADUGA 1M-2
1 36358U 10002A   17117.91577310 -.00000197 +00000-0 +00000-0 0  9996
2 36358 000.0265 259.9308 0002762 176.8821 193.9495 01.00272745016641
SDO
1 36395U 10005A   17117.15685212 -.00000038 +00000-0 +00000-0 0  9991
2 36395 028.7064 141.3349 0000822 160.5379 228.1754 01.00273335026598
INTELSAT 16
1 36397U 10006A   17117.50257694 -.00000297 +00000-0 +00000-0 0  9999
2 36397 000.0407 074.1133 0001438 320.2455 304.1440 01.00270075026261
GOES 15
1 36411U 10008A   17116.77924873 +.00000079 +00000-0 +00000-0 0  9993
2 36411 000.1007 105.4333 0002141 051.6756 202.9092 01.00273183026212
ECHOSTAR 14
1 36499U 10010A   17117.43382691 -.00000011 +00000-0 +00000-0 0  9999
2 36499 000.0075 247.9280 0002691 143.7121 221.2482 01.00270298026068
SES 1
1 36516U 10016A   17117.42410554 -.00000126 +00000-0 +00000-0 0  9991
2 36516 000.0278 018.1781 0002366 020.7458 228.3562 01.00270095025660
ASTRA 3B
1 36581U 10021A   17117.87271644 +.00000124 +00000-0 +00000-0 0  9990
2 36581 000.0432 330.2361 0002689 069.1047 154.3873 01.00274085025414
COMSATBW-2
1 36582U 10021B   17117.87757578 +.00000075 +00000-0 +00000-0 0  9991
2 36582 000.0510 276.3921 0001891 131.8986 136.9064 01.00267423025514
BEIDOU G3
1 36590U 10024A   17117.67045698 -.00000368 +00000-0 +00000-0 0  9990
2 36590 001.3180 018.5970 0006088 326.0782 222.9550 01.00277245025312
BADR-5 (ARABSAT 5B)
1 36592U 10025A   17117.87271644 +.00000132 +00000-0 +00000-0 0  9995
2 36592 000.0123 239.2096 0000973 198.6999 118.3271 01.00274636019758
COMS 1
1 36744U 10032A   17117.92285057 -.00000358 +00000-0 +00000-0 0  9992
2 36744 000.0164 339.3925 0000715 058.1991 278.9481 01.00270053017620
ARABSAT 5A
1 36745U 10032B   17117.87271644 +.00000140 +00000-0 +00000-0 0  9992
2 36745 000.0584 018.9464 0003442 017.8345 163.9159 01.00271928025187
ECHOSTAR 15
1 36792U 10034A   17117.94904992 -.00000295 +00000-0 +00000-0 0  9995
2 36792 000.0056 053.3360 0002283 353.0150 089.7709 01.00273189024919
NILESAT 201
1 36830U 10037A   17117.93951064 -.00000071 +00000-0 +00000-0 0  9994
2 36830 000.0583 144.6297 0005672 263.4862 139.2100 01.00271361024904
RASCOM QAF 1R
1 36831U 10037B   17117.39331280 +.00000006 +00000-0 +00000-0 0  9994
2 36831 000.0111 350.6026 0004788 041.6602 327.7746 01.00272046024840
CHINASAT 6A
1 37150U 10042A   17117.91114970 -.00000367 +00000-0 +00000-0 0  9999
2 37150 000.0581 106.1080 0001184 067.0333 136.0136 01.00270307024437
QZS-1 (MICHIBIKI)
1 37158U 10045A   17115.76142302 -.00000112 +00000-0 +00000-0 0  9999
2 37158 040.8186 160.0853 0750436 269.9548 192.8060 01.00297829024239
XM-5
1 37185U 10053A   17117.46953410 -.00000216 +00000-0 +00000-0 0  9992
2 37185 000.0117 256.8702 0001078 078.1805 324.4069 01.00268665024020
BSAT-3B
1 37207U 10056B   17117.89503390 -.00000364 +00000-0 +00000-0 0  9999
2 37207 000.0454 341.8804 0003663 006.9486 299.3078 01.00270205018793
BEIDOU G4
1 37210U 10057A   17117.76246394 -.00000124 +00000-0 +00000-0 0  9992
2 37210 000.9656 054.3339 0003841 172.9399 063.1553 01.00271291023825
SKYTERRA 1
1 37218U 10061A   17116.60056793 -.00000132 +00000-0 +00000-0 0  9998
2 37218 003.2871 330.0501 0002233 147.5523 212.0774 01.00271870023737
CHINASAT 20A
1 37234U 10064A   17117.87039238 -.00000350 +00000-0 +00000-0 0  9996
2 37234 000.0620 095.7045 0004322 289.9676 273.7816 01.00272884023569
HYLAS 1
1 37237U 10065A   17117.83369663 -.00000247 +00000-0 +00000-0 0  9999
2 37237 000.0472 045.2672 0001425 331.7377 105.5945 01.00269992023525
INTELSAT 17
1 37238U 10065B   17117.92063499 -.00000015 +00000-0 +00000-0 0  9991
2 37238 000.0120 197.5351 0002594 199.8870 216.0897 01.00272484019967
EUTE KA SAT 9A (KA SAT)
1 37258U 10069A   17117.37622919 +.00000049 +00000-0 +00000-0 0  9990
2 37258 000.0367 283.7356 0001491 142.3790 293.9091 01.00267329010585
HISPASAT 1E
1 37264U 10070A   17117.87665264 -.00000229 +00000-0 +00000-0 0  9995
2 37264 000.0525 096.3906 0003136 325.4404 079.8470 01.00272804019722
KOREASAT 6
1 37265U 10070B   17117.91197160 -.00000375 +00000-0 +00000-0 0  9998
2 37265 000.0170 279.1405 0001646 104.2323 276.9987 01.00268575023314
ELEKTRO-L
1 37344U 11001A   17116.72182454 -.00000262 +00000-0 +00000-0 0  9994
2 37344 002.3349 078.1422 0004268 279.1164 080.8735 01.00219570022996
BEIDOU IGSO 3
1 37384U 11013A   17117.78745964 -.00000184 +00000-0 +10000-3 0  9996
2 37384 057.7663 073.4599 0027726 212.8974 334.3089 01.00276456022213
INTELSAT NEW DAWN
1 37392U 11016A   17117.93521792 +.00000142 +00000-0 +00000-0 0  9995
2 37392 000.0117 205.6738 0000543 216.8099 163.1012 01.00271560019830
YAHSAT 1A
1 37393U 11016B   17117.93119845 +.00000088 +00000-0 +00000-0 0  9997
2 37393 000.0179 259.9300 0001479 127.4595 216.4307 01.00271346008944
TELSTAR 14R
1 37602U 11021A   17117.50743608 -.00000292 +00000-0 +00000-0 0  9997
2 37602 000.0459 059.7302 0001570 298.7625 336.8587 01.00272032022388
GSAT 8
1 37605U 11022A   17117.93073531 +.00000072 +00000-0 +00000-0 0  9994
2 37605 000.0108 283.1636 0005146 027.0154 296.0193 01.00271518019753
ST 2
1 37606U 11022B   17117.91091101 -.00000224 +00000-0 +00000-0 0  9996
2 37606 000.0101 261.5616 0001301 132.3951 238.0288 01.00267464021804
CHINASAT 10
1 37677U 11026A   17117.97787924 -.00000365 +00000-0 +00000-0 0  9995
2 37677 000.0564 272.7688 0001725 241.5890 164.3047 01.00267633021502
TIANLIAN 1-02
1 37737U 11032A   17117.61309976 +.00000019 +00000-0 +00000-0 0  9992
2 37737 002.4866 077.5850 0006484 221.9875 313.7441 01.00275906021256
GSAT 12
1 37746U 11034A   17117.72217826 -.00000178 +00000-0 +00000-0 0  9995
2 37746 000.0901 272.8214 0006239 174.9296 111.1204 01.00271717021495
SES 3
1 37748U 11035A   17117.43745505 -.00000114 +00000-0 +00000-0 0  9996
2 37748 000.0177 302.7166 0002682 050.7149 276.6645 01.00271757021149
ASTRA 1N
1 37775U 11041A   17117.87757578 +.00000107 +00000-0 +00000-0 0  9995
2 37775 000.0554 018.0423 0005350 027.9821 145.1783 01.00274721011077
BSAT-3C
1 37776U 11041B   17117.89503576 -.00000364 +00000-0 +00000-0 0  9991
2 37776 000.0576 084.0912 0000217 190.2485 013.8797 01.00266863017031
PAKSAT 1R
1 37779U 11042A   17117.93521792 +.00000140 +00000-0 +00000-0 0  9991
2 37779 000.0629 073.4343 0004076 308.4154 208.9378 01.00274117021012
CHINASAT 1A
1 37804U 11047A   17117.87039470 -.00000350 +00000-0 +00000-0 0  9999
2 37804 000.0273 272.1799 0000913 065.3862 321.7566 01.00275859020612
COSMOS 2473
1 37806U 11048A   17117.60743946 -.00000120 +00000-0 +00000-0 0  9998
2 37806 000.0669 095.8155 0002864 339.6820 345.4748 01.00272194020600
SES 2
1 37809U 11049A   17117.48990098 -.00000208 +00000-0 +00000-0 0  9997
2 37809 000.0141 328.8399 0002340 044.5301 291.6604 01.00272640020555
ARABSAT 5C
1 37810U 11049B   17117.87757578 +.00000110 +00000-0 +00000-0 0  9997
2 37810 000.0669 004.1487 0002727 025.0467 162.7740 01.00269352020599
EUTE 7 WEST A (AB 7)
1 37816U 11051A   17117.42128247 -.00000072 +00000-0 +00000-0 0  9990
2 37816 000.0694 031.1553 0001349 108.6052 220.2572 01.00270407020444
QUETZSAT 1
1 37826U 11054A   17117.51879441 -.00000253 +00000-0 +00000-0 0  9994
2 37826 000.0219 327.2838 0002403 088.7113 269.4509 01.00269735020628
INTELSAT 18
1 37834U 11056A   17117.53193792 +.00000041 +00000-0 +00000-0 0  9999
2 37834 000.0068 229.8026 0002114 179.8429 177.5687 01.00272990020382
EUTE 16A (EUTE W3C)
1 37836U 11057A   17117.14074610 +.00000092 +00000-0 +00000-0 0  9992
2 37836 000.0699 355.7484 0004693 050.2941 235.9497 01.00274120020314
VIASAT 1
1 37843U 11059A   17117.43382691 -.00000035 +00000-0 +00000-0 0  9993
2 37843 000.0188 251.6787 0002343 138.8216 226.1763 01.00269094013867
ASIASAT 7
1 37933U 11069A   17117.89641398 -.00000347 +00000-0 +00000-0 0  9992
2 37933 000.0094 244.0736 0001486 113.0125 287.1521 01.00268057011397
LUCH 5A
1 37951U 11074B   17117.77595258 -.00000056 +00000-0 +00000-0 0  9995
2 37951 001.5532 186.1735 0004021 190.4387 285.6345 01.00273438019723
NIGCOMSAT 1R
1 38014U 11077A   17117.93521792 +.00000131 +00000-0 +00000-0 0  9992
2 38014 000.0555 068.5274 0000317 264.1502 262.6266 01.00274849019494
FENGYUN 2F
1 38049U 12002A   17117.73436551 -.00000369 +00000-0 +00000-0 0  9999
2 38049 001.6134 077.9514 0002913 170.6678 343.7793 01.00276058019425
SES 4
1 38087U 12007A   17116.07248362 -.00000178 +00000-0 +00000-0 0  9991
2 38087 000.0263 350.4261 0002489 035.4688 192.4674 01.00272096019007
BEIDOU G5
1 38091U 12008A   17117.92856885 +.00000044 +00000-0 +00000-0 0  9998
2 38091 002.1332 055.6291 0002532 232.8854 320.5169 01.00269735019016
INTELSAT 22
1 38098U 12011A   17117.20149384 -.00000070 +00000-0 +00000-0 0  9999
2 38098 000.0272 356.9410 0001823 055.0491 308.0346 01.00270100018371
APSTAR 7
1 38107U 12013A   17116.84702259 -.00000113 +00000-0 +00000-0 0  9995
2 38107 000.0320 125.7547 0002588 267.8390 202.8751 01.00272168018691
YAHSAT 1B
1 38245U 12016A   17117.26938155 +.00000114 +00000-0 +00000-0 0  9994
2 38245 000.0031 214.7897 0001569 173.0469 332.1800 01.00270865012163
JCSAT 13
1 38331U 12023A   17117.05777120 -.00000368 +00000-0 +00000-0 0  9990
2 38331 000.0129 258.0570 0001334 147.6302 314.3237 01.00267968018060
VINASAT 2
1 38332U 12023B   17117.64007542 -.00000342 +00000-0 +00000-0 0  9992
2 38332 000.0110 282.0783 0001992 130.7094 165.2828 01.00269450018141
NIMIQ 6
1 38342U 12026A   17116.65634662 -.00000184 +00000-0 +00000-0 0  9999
2 38342 000.0392 068.8520 0002575 326.3621 324.8119 01.00271529016964
CHINASAT 2A
1 38352U 12028A   17117.79735200 -.00000306 +00000-0 +00000-0 0  9994
2 38352 000.0255 274.6431 0004263 081.4650 245.1493 01.00273607017913
INTELSAT 19
1 38356U 12030A   17116.94139020 -.00000067 +00000-0 +00000-0 0  9999
2 38356 000.0243 350.4509 0003266 051.9359 317.6470 01.00273890017007
ECHOSTAR 17
1 38551U 12035A   17116.70064796 -.00000086 +00000-0 +00000-0 0  9993
2 38551 000.0215 243.8276 0001996 148.0054 328.1791 01.00269580017607
METEOSAT 10 (MSG 3)
1 38552U 12035B   17117.40141041 -.00000016 +00000-0 +00000-0 0  9994
2 38552 000.8005 051.9205 0000232 155.6438 152.4418 01.00277252017424
SES 5
1 38652U 12036A   17116.07316208 +.00000024 +00000-0 +00000-0 0  9995
2 38652 000.0345 265.9011 0001928 133.9601 205.7209 01.00272673017589
TIANLIAN 1-03
1 38730U 12040A   17117.37165398 +.00000061 +00000-0 +00000-0 0  9994
2 38730 000.0210 228.2696 0002588 201.3366 290.4296 01.00275726015250
INTELSAT 20
1 38740U 12043A   17117.21132225 -.00000036 +00000-0 +00000-0 0  9997
2 38740 000.0181 201.9596 0000365 354.5412 163.4981 01.00270108017306
HYLAS 2
1 38741U 12043B   17117.31530424 +.00000142 +00000-0 +00000-0 0  9999
2 38741 000.0358 085.5005 0001540 303.3196 331.1965 01.00270951017303
INTELSAT 21
1 38749U 12045A   17116.56463404 -.00000295 +00000-0 +00000-0 0  9998
2 38749 000.0181 245.8931 0001867 145.4303 328.6878 01.00268873017080
ASTRA 2F
1 38778U 12051A   17117.32303741 +.00000138 +00000-0 +00000-0 0  9994
2 38778 000.0603 237.7861 0000791 005.2545 116.9595 01.00273058007702
GSAT 10
1 38779U 12051B   17117.17132557 -.00000177 +00000-0 +00000-0 0  9997
2 38779 000.0837 096.3840 0002273 318.9132 304.7324 01.00272366016653
INTELSAT 23
1 38867U 12057A   17117.54805843 -.00000297 +00000-0 +00000-0 0  9990
2 38867 000.0071 228.1720 0001560 160.0413 331.8029 01.00271038016545
BEIDOU G6
1 38953U 12059A   17116.84216362 -.00000186 +00000-0 +10000-3 0  9993
2 38953 001.5498 079.9483 0003323 181.2375 341.0710 01.00273276016578
LUCH 5B
1 38977U 12061A   17117.81477027 -.00000141 +00000-0 +00000-0 0  9994
2 38977 003.4436 074.8585 0003385 316.8276 101.3060 01.00272803016714
YAMAL 300K
1 38978U 12061B   17117.66734164 +.00000058 +00000-0 +00000-0 0  9992
2 38978 000.0013 065.8483 0001186 158.6029 054.5753 01.00270004016406
STARONE C3
1 38991U 12062A   17117.51230095 -.00000261 +00000-0 +00000-0 0  9993
2 38991 000.0632 086.5787 0001403 291.9084 306.6125 01.00273422016309
EUTE 21B
1 38992U 12062B   17117.34139536 +.00000118 +00000-0 +00000-0 0  9993
2 38992 000.0699 357.3051 0002481 057.2231 305.5028 01.00274556016398
ECHOSTAR 16
1 39008U 12065A   17117.57160113 -.00000294 +00000-0 +00000-0 0  9991
2 39008 000.0165 244.8235 0002036 147.0914 328.0975 01.00269141016161
CHINASAT 12
1 39017U 12067A   17117.75576133 -.00000219 +00000-0 +00000-0 0  9993
2 39017 000.0142 289.9655 0002655 105.8268 179.6945 01.00269482016045
EUTE 70B
1 39020U 12069A   17117.20584515 -.00000056 +00000-0 +00000-0 0  9991
2 39020 000.0649 006.7979 0001899 050.2833 302.9452 01.00270932016041
YAMAL 402
1 39022U 12070A   17117.16024598 +.00000074 +00000-0 +10000-3 0  9993
2 39022 000.0280 253.8595 0002296 162.7652 271.3062 01.00273295016123
SKYNET 5D
1 39034U 12075A   17117.93119845 +.00000085 +00000-0 +00000-0 0  9994
2 39034 000.0737 352.5704 0003301 043.2148 208.3101 01.00273364015707
MEXSAT 3
1 39035U 12075B   17116.72193635 -.00000037 +00000-0 +00000-0 0  9998
2 39035 000.0203 201.5722 0001203 185.8867 332.5563 01.00275171015709
TDRS 11
1 39070U 13004A   17116.79061433 +.00000074 +00000-0 +00000-0 0  9997
2 39070 005.4615 328.7166 0009629 304.9713 054.7219 01.00268414013220
AMAZONAS 3
1 39078U 13006A   17117.57030832 -.00000294 +00000-0 +00000-0 0  9998
2 39078 000.0232 210.7990 0001017 170.7766 338.4364 01.00266020011423
AZERSPACE 1
1 39079U 13006B   17117.27380132 +.00000121 +00000-0 +00000-0 0  9995
2 39079 000.0085 224.3879 0002026 199.2180 296.4148 01.00271387015344
EUTE 117 WEST A(SATMEX 8
1 39122U 13012A   17116.72757230 -.00000024 +00000-0 +00000-0 0  9990
2 39122 000.0082 293.0210 0002872 090.1407 336.8602 01.00271865014986
ANIK G1
1 39127U 13014A   17116.70111460 -.00000085 +00000-0 +00000-0 0  9991
2 39127 000.0128 268.8176 0001685 070.5411 020.6435 01.00271429014798
CHINASAT 11
1 39157U 13020A   17117.83729890 -.00000304 +00000-0 +00000-0 0  9992
2 39157 000.0082 184.5590 0002293 122.6127 308.2587 01.00271445014682
EUTE 7B (EUTE 3D)
1 39163U 13022A   17117.38183232 +.00000036 +00000-0 +00000-0 0  9996
2 39163 000.0504 021.9676 0004772 349.0419 349.0090 01.00270125014530
SES 6
1 39172U 13026A   17117.20327191 -.00000273 +00000-0 +00000-0 0  9999
2 39172 000.0640 066.7789 0001644 342.8966 198.4033 01.00272157014255
IRNSS R1A
1 39199U 13034A   17117.56962913 +.00000120 +00000-0 +00000-0 0  9993
2 39199 028.7377 115.9038 0020747 189.5995 170.3742 01.00274229013904
ALPHASAT (I-4A F4)
1 39215U 13038A   17117.41305156 +.00000126 +00000-0 +00000-0 0  9996
2 39215 001.6566 029.6853 0001710 353.9133 005.5184 01.00270017010580
INSAT 3D
1 39216U 13038B   17117.17372789 -.00000169 +00000-0 +00000-0 0  9994
2 39216 000.0454 086.7516 0001079 259.4051 013.8486 01.00274076013654
EUTE 25B
1 39233U 13044A   17117.33066672 +.00000131 +00000-0 +00000-0 0  9997
2 39233 000.0650 050.4334 0001680 337.4043 332.1794 01.00272127013174
GSAT 7
1 39234U 13044B   17116.19881661 -.00000088 +00000-0 +00000-0 0  9996
2 39234 000.1051 098.1590 0002381 211.2129 050.6164 01.00272181011886
AMOS 4
1 39237U 13045A   17117.22122427 -.00000004 +00000-0 +00000-0 0  9991
2 39237 000.0467 110.7753 0001601 260.4183 348.8183 01.00271512013490
ASTRA 2E
1 39285U 13056A   17117.32231868 +.00000138 +00000-0 +00000-0 0  9994
2 39285 000.0782 050.0304 0002434 345.7492 324.2448 01.00272380013009
SIRIUS FM-6
1 39360U 13058A   17116.72558332 -.00000027 +00000-0 +00000-0 0  9999
2 39360 000.0061 263.1140 0000899 295.4476 161.4352 01.00269316012878
RADUGA 1M-3
1 39375U 13062A   17117.92063499 -.00000052 +00000-0 +00000-0 0  9996
2 39375 000.0052 229.1858 0002841 203.8969 184.4430 01.00272377012661
SES 8
1 39460U 13071A   17116.14083076 -.00000279 +00000-0 +00000-0 0  9998
2 39460 000.0201 267.7730 0002484 145.8360 306.4233 01.00268061011045
INMARSAT 5-F1
1 39476U 13073A   17117.75465862 +.00000015 +00000-0 +00000-0 0  9999
2 39476 000.0142 258.5341 0000381 050.2184 241.4462 01.00270660012130
TKSAT 1
1 39481U 13075A   17117.48990183 -.00000207 +00000-0 +00000-0 0  9990
2 39481 000.0155 074.9497 0002566 287.8256 302.0727 01.00271282012372
EXPRESS AM-5
1 39487U 13077A   17117.23484271 -.00000292 +00000-0 +00000-0 0  9991
2 39487 000.0173 321.1911 0000715 339.7770 139.0540 01.00272139012900
GSAT 14
1 39498U 14001A   17116.19901211 -.00000088 +00000-0 +00000-0 0  9996
2 39498 000.0776 270.5701 0004142 146.8407 302.6386 01.00272992012090
THAICOM 6
1 39500U 14002A   17117.91577310 -.00000135 +00000-0 +00000-0 0  9994
2 39500 000.0777 112.3510 0002332 331.0864 180.8359 01.00272357011988
TDRS 12
1 39504U 14004A   17117.44786351 -.00000289 +00000-0 +00000-0 0  9995
2 39504 006.0328 336.1590 0002577 040.5444 319.2879 01.00273341010811
ABS 2
1 39508U 14006A   17117.19366995 -.00000099 +00000-0 +00000-0 0  9990
2 39508 000.0316 071.7322 0003321 325.9744 322.3250 01.00273381011859
ATHENA-FIDUS
1 39509U 14006B   17117.29651905 +.00000142 +00000-0 +00000-0 0  9998
2 39509 000.0155 293.1760 0001216 102.3867 324.4536 01.00273106011610
TURKSAT 4A
1 39522U 14007A   17117.28486032 +.00000134 +00000-0 +00000-0 0  9991
2 39522 000.0276 270.9949 0002231 064.7257 024.2772 01.00270986011534
EXPRESS AT1
1 39612U 14010A   17117.57341089 +.00000066 +00000-0 +00000-0 0  9993
2 39612 000.0128 314.6617 0000418 181.6479 341.8679 01.00272751011589
EXPRESS AT2
1 39613U 14010B   17117.66619015 -.00000294 +00000-0 +00000-0 0  9995
2 39613 000.0143 314.7677 0000300 306.2754 334.4739 01.00271132011414
AMAZONAS 4A
1 39616U 14011A   17117.57011408 -.00000295 +00000-0 +00000-0 0  9992
2 39616 000.0865 075.8825 0005333 323.8685 320.2958 01.00271635011231
ASTRA 5B
1 39617U 14011B   17117.06942167 +.00000143 +00000-0 +00000-0 0  9993
2 39617 000.0498 315.1147 0002975 088.3285 228.3291 01.00275404011392
IRNSS 1B
1 39635U 14017A   17113.08129908 +.00000063 +00000-0 +00000-0 0  9998
2 39635 029.1906 295.7644 0019205 177.1796 182.7814 01.00278970011295
LUCH 5V
1 39727U 14023A   17117.91091100 -.00000285 +00000-0 +00000-0 0  9992
2 39727 002.8046 299.0420 0002860 098.0777 241.5887 01.00268912529055
KAZSAT 3
1 39728U 14023B   17117.23911005 +.00000048 +00000-0 +00000-0 0  9999
2 39728 000.0123 272.7284 0001094 189.5235 257.7604 01.00272744008989
EUTE 3B
1 39773U 14030A   17117.88243532 +.00000007 +00000-0 +00000-0 0  9996
2 39773 000.0799 324.9493 0001515 068.6682 143.2054 01.00271592010612
ASIASAT 8
1 40107U 14046A   17117.41199892 -.00000045 +00000-0 +00000-0 0  9997
2 40107 000.0024 076.2848 0000051 264.7857 018.9372 01.00272372068693
ASIASAT 6
1 40141U 14052A   17117.91212845 -.00000375 +00000-0 +00000-0 0  9997
2 40141 000.0105 217.3390 0000580 190.6922 256.3209 01.00269771009598
OPTUS 10
1 40146U 14054A   17115.94963136 -.00000084 +00000-0 +00000-0 0  9998
2 40146 000.1044 003.8346 0001507 026.0638 330.1195 01.00271492009645
MEASAT 3B
1 40147U 14054B   17116.15055614 -.00000252 +00000-0 +00000-0 0  9993
2 40147 000.0381 027.5678 0002708 015.8995 316.5632 01.00269817009435
LUCH (OLYMP)
1 40258U 14058A   17117.83797624 +.00000054 +00000-0 +00000-0 0  9999
2 40258 000.0087 189.0678 0000499 215.2963 123.2120 01.00269973009473
HIMAWARI 8
1 40267U 14060A   17117.01160997 -.00000288 +00000-0 +00000-0 0  9999
2 40267 000.0115 305.2623 0000585 134.1294 280.6233 01.00269483009298
IRNSS 1C
1 40269U 14061A   17117.86747072 -.00000176 +00000-0 +00000-0 0  9996
2 40269 003.1158 251.3666 0018891 008.4350 351.5616 01.00273379009353
INTELSAT 30
1 40271U 14062A   17116.40940988 -.00000160 +00000-0 +00000-0 0  9993
2 40271 000.0118 251.6237 0000981 220.4768 154.8191 01.00268509009211
ARSAT 1
1 40272U 14062B   17117.53648071 -.00000272 +00000-0 +00000-0 0  9991
2 40272 000.0107 186.5942 0000923 198.5210 311.9545 01.00271595009412
EXPRESS AM-6
1 40277U 14064A   17117.65882578 +.00000085 +00000-0 +00000-0 0  9994
2 40277 000.0138 313.5286 0000453 133.7726 058.7090 01.00271456009209
GSAT 16
1 40332U 14078A   17117.24884318 +.00000073 +00000-0 +00000-0 0  9997
2 40332 000.0956 088.4139 0006072 344.9104 286.7505 01.00272630008661
DIRECTV 14
1 40333U 14078B   17117.42375833 -.00000137 +00000-0 +00000-0 0  9997
2 40333 000.0136 264.8062 0000571 035.9934 328.1253 01.00271206008695
YAMAL 401
1 40345U 14082A   17117.91091100 -.00000241 +00000-0 +00000-0 0  9997
2 40345 000.0654 076.3877 0001419 019.5531 177.9986 01.00270015008944
ASTRA 2G
1 40364U 14089A   17117.32319888 +.00000138 +00000-0 +00000-0 0  9990
2 40364 000.0234 033.5213 0004638 008.8669 317.6476 01.00270810008509
FENGYUN 2G
1 40367U 14090A   17117.85407676 -.00000343 +00000-0 +00000-0 0  9995
2 40367 000.5380 260.1505 0003624 324.6317 043.1079 01.00281078008579
INMARSAT 5-F2
1 40384U 15005A   17117.21518361 -.00000297 +00000-0 +00000-0 0  9993
2 40384 000.0203 252.2432 0000197 045.7643 299.8340 01.00269286008201
ABS 3A
1 40424U 15010A   17116.41198922 -.00000036 +00000-0 +00000-0 0  9993
2 40424 000.0116 264.8307 0001947 055.9449 039.2196 01.00271079007948
EUTE 115 WEST B(SATMEX 7
1 40425U 15010B   17116.72223496 -.00000036 +00000-0 +00000-0 0  9993
2 40425 000.0186 095.2337 0000331 315.1453 309.6327 01.00272873007939
EXPRESS AM-7
1 40505U 15012A   17117.16960516 +.00000138 +00000-0 +00000-0 0  9996
2 40505 000.0064 344.5860 0002487 034.1261 297.7362 01.00275825007883
IRNSS 1D
1 40547U 15018A   17116.91366651 -.00000329 +00000-0 +00000-0 0  9993
2 40547 029.1719 295.8388 0019995 179.2718 180.6576 01.00269953007524
BEIDOU I1-S
1 40549U 15019A   17117.96584828 -.00000147 +00000-0 +00000-0 0  9998
2 40549 054.4435 334.3431 0039420 181.7011 138.7710 01.00252691007614
THOR 7
1 40613U 15022A   17117.40307496 -.00000021 +00000-0 +00000-0 0  9998
2 40613 000.0383 105.6479 0002517 286.2239 328.1514 01.00271187007366
TURKMENALEM 52E/MONACOSA
1 40617U 15023A   17117.25711709 +.00000091 +00000-0 +00000-0 0  9998
2 40617 000.0175 325.9433 0002715 075.9132 318.1724 01.00273623007371
DIRECTV 15
1 40663U 15026A   17116.68859506 -.00000114 +00000-0 +00000-0 0  9993
2 40663 000.0207 127.5812 0000319 038.2844 194.1441 01.00269867007064
SKY MEXICO-1
1 40664U 15026B   17116.62225059 -.00000245 +00000-0 +00000-0 0  9993
2 40664 000.0205 247.0234 0001864 144.9356 328.0523 01.00270836007087
METEOSAT 11 (MSG 4)
1 40732U 15034A   17117.08970345 -.00000040 +00000-0 +00000-0 0  9997
2 40732 001.9114 243.9311 0000818 126.2920 233.7403 01.00272959006571
STARONE C4
1 40733U 15034B   17116.59788324 -.00000275 +00000-0 +00000-0 0  9997
2 40733 000.0593 067.9083 0002756 322.8663 329.2505 01.00271429006568
INTELSAT 34
1 40874U 15039A   17116.55763949 -.00000296 +00000-0 +00000-0 0  9993
2 40874 000.0208 264.9248 0000929 306.7335 148.3451 01.00270112006205
EUTE 8 WEST B
1 40875U 15039B   17117.42345163 -.00000078 +00000-0 +00000-0 0  9993
2 40875 000.0691 010.4219 0003326 015.9044 333.6986 01.00272433006226
GSAT 6
1 40880U 15041A   17117.17108562 -.00000177 +00000-0 +00000-0 0  9994
2 40880 000.0407 117.2808 0006897 171.9963 070.6569 01.00272283006189
INMARSAT 5-F3
1 40882U 15042A   17116.90362900 +.00000038 +00000-0 +00000-0 0  9990
2 40882 000.0217 254.3450 0000531 286.8364 178.8185 01.00266924006096
TJS-1
1 40892U 15046A   17117.76234197 -.00000169 +00000-0 +00000-0 0  9992
2 40892 000.0645 275.9785 0007248 110.7787 258.6129 01.00272774006082
EXPRESS AM-8
1 40895U 15048A   17117.36575874 -.00000123 +00000-0 +00000-0 0  9993
2 40895 000.0111 312.0010 0000876 151.7155 229.5053 01.00271905005909
BEIDOU I2-S
1 40938U 15053A   17117.98638063 -.00000149 +00000-0 +00000-0 0  9993
2 40938 054.2759 297.2377 0048024 171.7126 197.1132 01.00262704005908
SKY MUSTER
1 40940U 15054A   17116.01545583 -.00000289 +00000-0 +00000-0 0  9999
2 40940 000.0165 262.2380 0001599 127.0372 330.7433 01.00270404005815
ARSAT 2
1 40941U 15054B   17116.62830677 -.00000235 +00000-0 +00000-0 0  9999
2 40941 000.0143 230.0093 0001199 169.4769 320.5225 01.00270092005855
MORELOS 3
1 40946U 15056A   17116.63308688 -.00000065 +00000-0 +00000-0 0  9990
2 40946 006.4893 329.7933 0001390 355.5865 004.2363 01.00271772005810
APSTAR 9
1 40982U 15059A   17117.00782284 -.00000278 +00000-0 +00000-0 0  9999
2 40982 000.0135 266.7880 0000646 037.6956 055.5188 01.00268881005699
TURKSAT 4B
1 40984U 15060A   17117.26277957 +.00000103 +00000-0 +00000-0 0  9993
2 40984 000.0407 082.9158 0001926 305.3905 331.7123 01.00270918005658
CHINASAT 2C
1 41021U 15063A   17117.98029328 -.00000337 +00000-0 +00000-0 0  9995
2 41021 000.0228 003.6102 0002910 031.7047 277.1750 01.00271136005542
GSAT 15
1 41028U 15065A   17117.14222039 -.00000270 +00000-0 +00000-0 0  9992
2 41028 000.0941 095.1208 0002002 296.2375 328.6619 01.00271123005393
BADR 7
1 41029U 15065B   17117.32913298 +.00000133 +00000-0 +00000-0 0  9994
2 41029 000.0384 252.3668 0002656 005.3301 102.2814 01.00271742005283
LAOSAT 1
1 41034U 15067A   17117.04518466 -.00000355 +00000-0 +00000-0 0  9996
2 41034 000.0188 092.3060 0001025 168.4133 099.2691 01.00270248005404
TELSTAR 12V
1 41036U 15068A   17116.44551241 -.00000130 +00000-0 +00000-0 0  9991
2 41036 000.0107 210.9633 0001939 182.5453 326.5037 01.00269236005154
CHINASAT 1C
1 41103U 15073A   17117.91577310 -.00000164 +00000-0 +00000-0 0  9997
2 41103 000.0154 292.2913 0003094 024.0910 310.9089 01.00272200005202
ELEKTRO-L 2
1 41105U 15074A   17117.47930025 -.00000109 +00000-0 +00000-0 0  9996
2 41105 000.0633 057.2317 0002068 011.7263 035.2424 01.00271515005058
COSMOS 2513
1 41121U 15075A   17117.97340459 -.00000152 +00000-0 +00000-0 0  9994
2 41121 000.0750 086.4624 0003406 329.1409 231.2148 01.00271448005131
EXPRESS AMU1
1 41191U 15082A   17117.22701594 +.00000144 +00000-0 +00000-0 0  9998
2 41191 000.0060 169.0732 0001654 211.8824 312.2719 01.00272049005032
GAOFEN 4
1 41194U 15083A   17117.76105369 -.00000347 +00000-0 +00000-0 0  9995
2 41194 000.0117 267.4537 0002579 290.7035 037.4471 01.00268400005027
BELINTERSAT 1
1 41238U 16001A   17117.93035581 +.00000093 +00000-0 +10000-3 0  9993
2 41238 000.0628 083.1705 0001160 327.4095 191.9288 01.00272658004810
IRNSS-1E
1 41241U 16003A   17114.42019644 -.00000250 +00000-0 +00000-0 0  9994
2 41241 028.6979 115.6166 0019558 187.7326 172.2858 01.00266983004599
INTELSAT 29E
1 41308U 16004A   17117.53973758 -.00000294 +00000-0 +00000-0 0  9997
2 41308 000.0165 260.1902 0001517 130.3195 329.5068 01.00271007004719
EUTE 9B
1 41310U 16005A   17117.37625115 +.00000049 +00000-0 +00000-0 0  9991
2 41310 000.0605 099.8657 0003897 238.1359 021.9899 01.00270040004651
SES 9
1 41380U 16013A   17117.10119203 -.00000357 +00000-0 +00000-0 0  9997
2 41380 000.0238 296.4856 0001279 110.7465 312.7871 01.00271312004037
EUTE 65W
1 41382U 16014A   17116.58453580 -.00000287 +00000-0 +00000-0 0  9992
2 41382 000.0551 025.0955 0001709 006.2524 328.6713 01.00271275004091
IRNSS 1F
1 41384U 16015A   17117.05156159 +.00000143 +00000-0 +00000-0 0  9990
2 41384 004.2636 266.3524 0021293 175.3013 184.5678 01.00273189004226
BEIDOU IGSO 6
1 41434U 16021A   17117.96834563 -.00000144 +00000-0 +10000-3 0  9991
2 41434 055.4786 072.9503 0027297 185.9302 041.3972 01.00281076004021
IRNSS 1G
1 41469U 16027A   17117.78335953 -.00000352 +00000-0 +00000-0 0  9991
2 41469 004.3353 267.6502 0001500 091.8329 268.0492 01.00268747003739
JCSAT 2B
1 41471U 16028A   17115.97731134 -.00000175 +00000-0 +00000-0 0  9998
2 41471 000.0118 225.9447 0001168 184.6949 309.3707 01.00271088003637
THAICOM 8
1 41552U 16031A   17117.18387176 -.00000133 +00000-0 +00000-0 0  9994
2 41552 000.0748 059.5254 0005015 334.6792 325.8361 01.00270339003267
INTELSAT 31
1 41581U 16035A   17116.66719882 -.00000161 +00000-0 +00000-0 0  9996
2 41581 000.0150 239.8780 0001963 347.7795 132.3347 01.00270876003237
BEIDOU G7
1 41586U 16037A   17116.87553415 -.00000262 +00000-0 +00000-0 0  9996
2 41586 001.3222 315.7013 0001712 293.1868 065.8440 01.00267877003327
ABS 2A
1 41588U 16038A   17116.19681341 -.00000094 +00000-0 +00000-0 0  9997
2 41588 000.0157 231.2698 0002112 069.7991 058.9104 01.00270214003242
EUTELSAT 117W B
1 41589U 16038B   17116.72794179 -.00000022 +00000-0 +00000-0 0  9992
2 41589 000.0037 079.2052 0000311 315.9932 324.8037 01.00270169003243
BRISAT
1 41591U 16039A   17115.98705320 -.00000207 +00000-0 +00000-0 0  9998
2 41591 000.0182 276.0775 0002212 115.7852 328.1602 01.00271398003166
ECHOSTAR 18
1 41592U 16039B   17116.57392046 -.00000292 +00000-0 +00000-0 0  9996
2 41592 000.0197 246.5186 0001839 132.7923 340.6961 01.00268628003162
TIANTONG-1 1
1 41725U 16048A   17117.83660447 -.00000336 +00000-0 +00000-0 0  9996
2 41725 004.6566 325.2565 0004940 049.1616 244.2138 01.00269197002809
JCSAT 16
1 41729U 16050A   17116.95229038 -.00000103 +00000-0 +00000-0 0  9994
2 41729 000.0203 249.8855 0001635 148.0981 322.0279 01.00270117002609
INTELSAT 36
1 41747U 16053A   17116.91279094 -.00000036 +00000-0 +00000-0 0  9995
2 41747 000.0369 052.7296 0001812 349.0469 210.4048 01.00271453002498
INTELSAT 33E
1 41748U 16053B   17117.23496068 +.00000037 +00000-0 +00000-0 0  9994
2 41748 000.0100 284.9518 0001619 114.0329 321.0270 01.00271934002791
INSAT 3DR
1 41752U 16054A   17117.19603294 -.00000089 +00000-0 +00000-0 0  9994
2 41752 000.0651 103.4437 0007168 178.8667 077.6178 01.00270745002352
GSAT 18
1 41793U 16060A   17117.19645072 -.00000089 +00000-0 +00000-0 0  9996
2 41793 000.0840 101.1864 0006877 347.6697 271.2308 01.00271944002079
SKY MUSTER 2
1 41794U 16060B   17117.00010658 -.00000256 +00000-0 +00000-0 0  9999
2 41794 000.0166 266.1328 0001344 117.3954 336.4865 01.00270195002068
HIMAWARI 9
1 41836U 16064A   17117.01119582 -.00000286 +00000-0 +00000-0 0  9990
2 41836 000.0381 083.4113 0000619 338.0844 298.5190 01.00271683001724
SJ-17
1 41838U 16065A   17117.89305606 -.00000127 +00000-0 +00000-0 0  9997
2 41838 000.0725 075.9019 0002518 063.2129 200.5047 01.00166270001765
GOES 16
1 41866U 16071A   17116.65187186 -.00000193 +00000-0 +00000-0 0  9992
2 41866 000.0108 065.4581 0001555 322.9658 331.5936 01.00272028001638
TIANLIAN 1-04
1 41869U 16072A   17117.02574821 -.00000122 +00000-0 +00000-0 0  9996
2 41869 002.7637 290.2696 0006419 130.9138 240.2633 01.00271737001845
FENGYUN 4A
1 41882U 16077A   17117.97022532 -.00000316 +00000-0 +00000-0 0  9992
2 41882 000.1121 266.7982 0002637 258.2444 139.9757 01.00277180001511
ECHOSTAR 19
1 41893U 16079A   17116.67297528 -.00000149 +00000-0 +00000-0 0  9995
2 41893 000.0207 244.9861 0001173 148.4643 326.5570 01.00269739001255
STARONE D1
1 41904U 16082B   17116.63670930 -.00000221 +00000-0 +00000-0 0  9991
2 41904 000.0427 096.2633 0002612 317.2641 306.5056 01.00273074001300
TJS-2
1 41911U 17001A   17117.02735219 -.00000355 +00000-0 +00000-0 0  9995
2 41911 000.7857 280.0160 0001843 187.9162 224.7105 01.00274108001254
HISPASAT 36W-1
1 41942U 17006A   17117.26142550 -.00000205 +00000-0 +00000-0 0  9994
2 41942 000.0482 072.1332 0002800 331.1091 240.3263 01.00272241001057
TELKOM 3S
1 41944U 17007A   17117.07423128 -.00000374 +00000-0 +00000-0 0  9996
2 41944 000.0100 211.1653 0000799 228.6723 280.1715 01.00268401000678
INTELSAT 32E
1 41945U 17007B   17116.52353783 -.00000280 +00000-0 +00000-0 0  9991
2 41945 000.0130 238.2968 0000536 340.9326 140.7667 01.00268437000774
