NAVSTAR 43 (USA 132)
1 24876U 97035A   17117.71110472 +.00000007 +00000-0 +00000-0 0  9998
2 24876 055.5619 229.0967 0036236 106.5476 253.8574 02.00561911145014
NAVSTAR 46 (USA 145)
1 25933U 99055A   17117.58874096 -.00000017 +00000-0 +00000-0 0  9993
2 25933 051.5997 079.8543 0164713 093.7073 107.3597 02.00558785128639
NAVSTAR 47 (USA 150)
1 26360U 00025A   17117.74067830 +.00000055 +00000-0 +00000-0 0  9996
2 26360 053.1077 156.9939 0041380 091.0059 322.1467 02.00563868124330
NAVSTAR 48 (USA 151)
1 26407U 00040A   17117.69912535 -.00000056 +00000-0 +00000-0 0  9992
2 26407 056.6468 347.1159 0199793 270.1101 034.0827 02.00567062123004
NAVSTAR 49 (USA 154)
1 26605U 00071A   17117.81515104 +.00000008 +00000-0 +00000-0 0  9997
2 26605 055.1330 226.8438 0092019 248.1574 048.1841 02.00566781120603
NAVSTAR 50 (USA 156)
1 26690U 01004A   17117.85707588 +.00000053 +00000-0 +00000-0 0  9991
2 26690 053.0302 159.9330 0182060 256.4389 180.8389 02.00553339119011
NAVSTAR 51 (USA 166)
1 27663U 03005A   17117.88370983 -.00000057 +00000-0 +00000-0 0  9998
2 27663 056.7162 346.8450 0092559 023.7124 172.8292 02.00562563104377
NAVSTAR 52 (USA 168)
1 27704U 03010A   17117.49655049 +.00000020 +00000-0 +00000-0 0  9995
2 27704 053.8302 100.3242 0242377 263.7867 332.8401 02.00560730103164
NAVSTAR 53 (USA 175)
1 28129U 03058A   17117.40051723 +.00000058 +00000-0 +00000-0 0  9990
2 28129 052.9171 159.9474 0078178 259.5096 099.6923 02.00579657097842
NAVSTAR 54 (USA 177)
1 28190U 04009A   17117.48384308 -.00000053 +00000-0 +00000-0 0  9997
2 28190 055.9782 047.9242 0100736 054.0664 005.8337 02.00565054096039
NAVSTAR 55 (USA 178)
1 28361U 04023A   17117.64302101 +.00000010 +00000-0 +00000-0 0  9994
2 28361 054.1168 222.0143 0117311 219.0918 227.6228 02.00553187094109
NAVSTAR 56 (USA 180)
1 28474U 04045A   17117.22527272 +.00000021 +00000-0 +00000-0 0  9997
2 28474 054.2106 099.7855 0170067 246.4539 258.7819 02.00551319091479
NAVSTAR 57 (USA 183)
1 28874U 05038A   17117.76450094 -.00000055 +00000-0 +00000-0 0  9998
2 28874 056.1358 045.1678 0118635 254.4067 029.0208 02.00570299084896
NAVSTAR 58 (USA 190)
1 29486U 06042A   17117.81497852 -.00000021 +00000-0 +00000-0 0  9996
2 29486 055.4318 284.3016 0085084 343.7347 258.1416 02.00561633077497
NAVSTAR 59 (USA 192)
1 29601U 06052A   17117.42111906 -.00000053 +00000-0 +00000-0 0  9991
2 29601 056.6890 345.7829 0064961 046.9485 313.6454 02.00579209076467
NAVSTAR 60 (USA 196)
1 32260U 07047A   17117.24661253 +.00000011 +00000-0 +00000-0 0  9999
2 32260 053.2431 218.4238 0089906 032.0994 328.4706 02.00550112069898
NAVSTAR 61 (USA 199)
1 32384U 07062A   17117.96072082 -.00000055 +00000-0 +00000-0 0  9997
2 32384 056.1990 045.7387 0007056 351.6488 300.7686 02.00567783068618
NAVSTAR 62 (USA 201)
1 32711U 08012A   17117.64635103 -.00000021 +00000-0 +00000-0 0  9994
2 32711 055.1597 283.6887 0105092 211.6763 147.6569 02.00555096066836
NAVSTAR 64 (USA 206)
1 35752U 09043A   17117.78097128 +.00000056 +00000-0 +00000-0 0  9998
2 35752 054.2459 161.5606 0048142 028.3366 092.7228 02.00556414056429
NAVSTAR 65 (USA 213)
1 36585U 10022A   17117.90243088 -.00000056 +00000-0 +00000-0 0  9995
2 36585 055.9983 342.6174 0063057 044.1575 269.0381 02.00572448050659
NAVSTAR 66 (USA 232)
1 37753U 11036A   17117.59251528 +.00000026 +00000-0 +00000-0 0  9998
2 37753 055.4188 102.7919 0064204 029.0499 146.9850 02.00561847042334
NAVSTAR 67 (USA 239)
1 38833U 12053A   17117.33844898 -.00000022 +00000-0 +00000-0 0  9995
2 38833 054.1882 280.6688 0055482 025.8609 334.3818 02.00560847032600
NAVSTAR 68 (USA 242)
1 39166U 13023A   17117.69060775 -.00000058 +00000-0 +00000-0 0  9995
2 39166 055.8433 042.2020 0046659 015.9758 344.1709 02.00565064028949
NAVSTAR 69 (USA 248)
1 39533U 14008A   17116.69816321 -.00000023 +00000-0 +00000-0 0  9994
2 39533 054.3429 285.9827 0026962 180.4130 179.5586 02.00561742023277
NAVSTAR 70 (USA 251)
1 39741U 14026A   17116.97382425 +.00000030 +00000-0 +00000-0 0  9996
2 39741 055.4057 102.3363 0010261 288.1037 071.7751 02.00565027021568
NAVSTAR 71 (USA 256)
1 40105U 14045A   17117.06729393 +.00000009 +00000-0 +00000-0 0  9999
2 40105 054.6399 221.9169 0005932 116.0501 244.0289 02.00566458019152
NAVSTAR 72 (USA 258)
1 40294U 14068A   17117.43673556 +.00000061 +00000-0 +00000-0 0  9991
2 40294 054.9926 162.5160 0006236 342.9401 017.1257 02.00554236018264
NAVSTAR 73 (USA 260)
1 40534U 15013A   17117.07457666 -.00000052 +00000-0 +00000-0 0  9992
2 40534 054.9551 341.7976 0018244 356.8921 003.1446 02.00561392014873
NAVSTAR 74 (USA 262)
1 40730U 15033A   17117.23427953 -.00000059 +00000-0 +00000-0 0  9993
2 40730 055.3777 041.9143 0027522 315.2750 044.5035 02.00569561013068
NAVSTAR 75 (USA 265)
1 41019U 15062A   17117.28787317 +.00000063 +00000-0 +00000-0 0  9998
2 41019 055.0025 162.3078 0025494 205.1920 154.7701 02.00563362010883
NAVSTAR 76 (USA 266)
1 41328U 16007A   17117.37400445 +.00000010 +00000-0 +00000-0 0  9997
2 41328 054.8978 222.0789 0012113 217.3946 142.5406 02.00558063008943
