EXOS D (AKEBONO)
1 19822U 89016A   17117.63192165 +.00012691 +88031-6 +26088-3 0  9998
2 19822 075.0446 348.8313 1919174 258.9729 079.0746 11.66496453903352
HST
1 20580U 90037B   17117.94700056 +.00000756 +00000-0 +35772-4 0  9998
2 20580 028.4705 339.4922 0002693 357.0910 111.3947 15.08748200282609
POLAR
1 23802U 96013A   17116.37265279 -.00000198 +00000-0 +00000-0 0  9990
2 23802 078.4004 271.3370 7396639 324.9472 003.3191 01.29842447101502
SWAS
1 25560U 98071A   17117.94710030 +.00000408 +00000-0 +47409-4 0  9994
2 25560 069.9006 027.2507 0011092 265.1462 094.8428 14.93353654997869
ORSTED
1 25635U 99008B   17117.88843351 +.00000150 +00000-0 +43023-4 0  9996
2 25635 096.4844 035.1458 0140366 048.4402 312.8732 14.47984886958676
CXO
1 25867U 99040B   17119.12170435 +.00000402 +00000-0 +00000-0 0  9998
2 25867 074.3104 291.0502 6830407 253.1618 000.2465 00.37796604015861
XMM
1 25989U 99066A   17119.82667602 -.00000175 +00000-0 +00000-0 0  9993
2 25989 068.8695 006.4454 8217924 095.7728 359.6385 00.50134877020647
TERRA
1 25994U 99068A   17117.80142603 +.00000123 +00000-0 +37358-4 0  9998
2 25994 098.2109 193.5573 0000796 103.5014 256.6277 14.57108027923339
CLUSTER II-FM7
1 26410U 00041A   17119.89541367 +.00000441 +00000-0 +00000-0 0  9999
2 26410 130.9778 332.5439 4517370 150.4410 000.8171 00.44238109017287
CLUSTER II-FM6
1 26411U 00041B   17119.88089900 +.00000347 +00000-0 +00000-0 0  9994
2 26411 129.9985 333.9760 5141463 158.1074 000.9170 00.44226846005558
CLUSTER II-FM5
1 26463U 00045A   17119.89829580 +.00000407 +00000-0 +00000-0 0  9999
2 26463 133.5259 332.2469 4847143 156.1406 000.8838 00.44226036005452
CLUSTER II-FM8
1 26464U 00045B   17116.88873786 +.00000598 +00000-0 +00000-0 0  9994
2 26464 130.9759 332.5170 4525140 150.3816 245.2838 00.44218919005537
ODIN
1 26702U 01007A   17117.64175222 +.00000719 +00000-0 +51999-4 0  9995
2 26702 097.6128 135.2475 0009939 218.1420 141.9105 15.07119626883432
TIMED
1 26998U 01055B   17117.92151297 +.00000192 +00000-0 +24993-4 0  9991
2 26998 074.0732 055.1437 0000438 237.3256 122.7882 14.87885055833956
RHESSI
1 27370U 02004A   17117.88649650 +.00003064 +00000-0 +11343-3 0  9996
2 27370 038.0341 355.3596 0011133 349.7434 010.3107 15.28273747838567
INTEGRAL
1 27540U 02048A   17118.36352028 +.00000840 +00000-0 +00000-0 0  9991
2 27540 050.0265 191.1121 8235342 261.5435 000.2173 00.37587107014115
CORIOLIS
1 27640U 03001A   17117.95597142 -.00000002 +00000-0 +20010-4 0  9992
2 27640 098.7446 128.8588 0015274 091.9293 323.3828 14.18940267740845
SORCE
1 27651U 03004A   17117.79214115 +.00000327 +00000-0 +48531-4 0  9992
2 27651 039.9956 242.5443 0023936 245.5473 114.2819 14.88645380773270
MOST
1 27843U 03031D   17117.96561490 -.00000016 +00000-0 +12784-4 0  9992
2 27843 098.7147 126.8161 0010429 152.8026 207.3699 14.20545810716827
SCISAT 1
1 27858U 03036A   17117.91780725 +.00000070 +00000-0 +14929-4 0  9994
2 27858 073.9321 287.4322 0007288 033.1106 327.0523 14.77126007738357
SWIFT
1 28485U 04047A   17117.41525513 +.00001385 +00000-0 +66533-4 0  9999
2 28485 020.5561 129.6633 0011204 317.8371 042.1201 15.03687397680537
FORMOSAT 3A
1 29047U 06011A   17117.91050652 +.00000050 +00000-0 +35894-4 0  9993
2 29047 071.9786 289.7709 0051657 239.5827 120.0200 14.28575456577577
FORMOSAT 3B
1 29048U 06011B   17117.91100020 +.00000167 +00000-0 +82360-4 0  9998
2 29048 071.9679 201.9770 0044756 196.6805 285.8158 14.28507774580062
FORMOSAT 3C
1 29049U 06011C   17117.73536016 +.00000102 +00000-0 +56574-4 0  9994
2 29049 072.0218 007.5076 0036501 233.3842 126.3936 14.28559313575829
FORMOSAT 3D
1 29050U 06011D   17117.87976436 +.00000267 +00000-0 +66995-4 0  9995
2 29050 072.0156 270.0752 0051757 248.7846 110.7773 14.58492585589139
FORMOSAT 3E
1 29051U 06011E   17117.89784926 +.00000069 +00000-0 +42651-4 0  9992
2 29051 072.0052 271.3373 0067066 107.8415 253.0052 14.28583272578438
FORMOSAT 3F
1 29052U 06011F   17117.90492385 +.00000132 +00000-0 +68118-4 0  9997
2 29052 072.0350 342.1335 0040895 196.2406 163.7423 14.28675539575937
CLOUDSAT
1 29107U 06016A   17117.89163538 +.00000059 +00000-0 +23156-4 0  9997
2 29107 098.1994 062.6270 0001094 117.4168 242.7142 14.57102859584940
CALIPSO
1 29108U 06016B   17117.95915413 +.00000178 +00000-0 +49600-4 0  9996
2 29108 098.2003 062.2446 0001375 082.0428 278.0927 14.57104016585022
HINODE (SOLAR B)
1 29479U 06041A   17117.96736407 +.00000135 +00000-0 +34458-4 0  9998
2 29479 098.1664 122.8008 0017574 020.5882 339.6026 14.64812996566036
SJ-6C
1 29505U 06046A   17117.85897424 -.00000077 +00000-0 -18558-5 0  9999
2 29505 097.8202 120.0210 0001323 262.5260 097.5786 14.94314743572353
SJ-6D
1 29506U 06046B   17117.85705369 -.00000472 +00000-0 -39629-4 0  9996
2 29506 097.8384 119.2992 0002103 011.7368 348.3912 14.93258351572047
AGILE
1 31135U 07013A   17117.26745931 +.00003784 +00000-0 +89792-4 0  9999
2 31135 002.4673 145.4873 0013366 286.0449 073.8133 15.29557325188513
AIM
1 31304U 07015A   17117.92721265 +.00000893 +00000-0 +56216-4 0  9999
2 31304 097.9980 294.5554 0004150 320.5212 039.5714 15.11976292547349
GLAST
1 33053U 08029A   17117.94701517 +.00000742 +00000-0 +26176-4 0  9993
2 33053 025.5834 345.6238 0012711 062.0252 298.1569 15.10876705489699
IBEX
1 33401U 08051A   17118.19398348 -.00000967 +00000-0 +00000-0 0  9991
2 33401 024.8196 094.6754 6402848 021.4922 358.2466 00.11384780003605
WISE
1 36119U 09071A   17117.81603356 +.00001596 +00000-0 +60875-4 0  9997
2 36119 097.4551 145.5861 0004211 116.7801 243.3870 15.28171646408588
SDO
1 36395U 10005A   17117.15685212 -.00000038 +00000-0 +00000-0 0  9991
2 36395 028.7064 141.3349 0000822 160.5379 228.1754 01.00273335026598
CRYOSAT 2
1 36508U 10013A   17117.92365053 +.00000007 +00000-0 +96716-6 0  9999
2 36508 092.0198 190.1974 0009072 139.6005 220.5878 14.52179594373884
GCOM W1
1 38337U 12025A   17117.89385987 +.00000166 +00000-0 +47000-4 0  9996
2 38337 098.2015 058.8653 0001338 114.0516 287.1077 14.57098089263047
NUSTAR
1 38358U 12031A   17117.30564102 +.00001297 +00000-0 +63204-4 0  9990
2 38358 006.0275 318.5615 0012573 281.0919 078.7796 14.87722484264852
RBSP A
1 38752U 12046A   17117.11872368 -.00000075 +00000-0 -72580-3 0  9990
2 38752 009.6669 215.8680 6815089 089.6213 341.6654 02.68115450045504
RBSP B
1 38753U 12046B   17117.38127165 -.00000093 +00000-0 -88299-3 0  9992
2 38753 009.6713 225.7695 6832924 071.0254 347.6659 02.65139612045221
NEOSSAT
1 39089U 13009D   17117.80643402 +.00000027 +00000-0 +25293-4 0  9990
2 39089 098.5590 321.7627 0012275 087.8768 272.3822 14.34381921218166
BRITE-A TUGSAT-1
1 39091U 13009F   17117.62510302 +.00000042 +00000-0 +30290-4 0  9995
2 39091 098.5550 322.9300 0011714 097.2957 262.9560 14.35023693218230
BRITE-U UNIBRITE
1 39092U 13009G   17117.82923316 +.00000036 +00000-0 +28027-4 0  9999
2 39092 098.5559 322.8283 0010599 090.7291 269.5109 14.34898699218246
IRIS
1 39197U 13033A   17117.94090537 +.00000141 +00000-0 +26438-4 0  9996
2 39197 097.9256 300.2291 0027262 340.8470 019.1713 14.78381131206660
SPRINT A
1 39253U 13049A   17117.87279117 +.00000033 +00000-0 -42183-4 0  9997
2 39253 029.7201 260.1453 0137326 331.4642 027.8468 13.55170603178362
CASSIOPE
1 39265U 13055A   17117.89578844 +.00008667 +00000-0 +25266-3 0  9990
2 39265 080.9712 067.1024 0690549 038.6073 326.2442 14.22441622184367
DANDE
1 39267U 13055C   17117.92391583 +.00006179 +00000-0 +18281-3 0  9994
2 39267 081.0120 077.5437 0715758 055.5526 311.1177 14.16737803181578
STSAT 3
1 39422U 13066G   17117.83056767 +.00000706 +00000-0 +79615-4 0  9990
2 39422 097.6618 181.9336 0024394 043.7844 316.5280 14.89421599186431
BRITE-PL
1 39431U 13066R   17117.90966782 +.00000044 +00000-0 +20181-4 0  9994
2 39431 097.7025 100.1380 0201229 271.3858 086.4293 14.46831878180983
SWARM B
1 39451U 13067A   17117.89201384 +.00000682 +00000-0 +29235-4 0  9992
2 39451 087.7506 262.8792 0001725 107.4214 252.7220 15.20965986175641
SWARM A
1 39452U 13067B   17117.94407327 +.00001699 +00000-0 +38785-4 0  9993
2 39452 087.3532 188.7970 0003155 107.0825 253.0777 15.42050677192358
SWARM C
1 39453U 13067C   17117.94399937 +.00001698 +00000-0 +38749-4 0  9990
2 39453 087.3535 190.2120 0003187 107.1786 252.9819 15.42051295192317
BRITE TORONTO
1 40020U 14033L   17117.88279069 +.00000123 +00000-0 +29446-4 0  9998
2 40020 097.8435 350.9017 0088765 126.4674 234.4752 14.66376679152722
OCO 2
1 40059U 14035A   17117.88456575 +.00000086 +00000-0 +29109-4 0  9995
2 40059 098.2010 060.0378 0001619 098.3016 261.8366 14.57109095150052
BRITE-PL 2
1 40119U 14049B   17117.78390368 +.00000244 +00000-0 +35741-4 0  9998
2 40119 097.9362 203.9510 0016211 252.2068 107.7377 14.84115139145592
RESURS P2
1 40360U 14087A   17117.88325486 +.00001865 +00000-0 +62109-4 0  9996
2 40360 097.2750 212.4727 0008362 324.3756 173.4463 15.32349708130687
MMS 1
1 40482U 15011A   17117.80208333 -.00000628 +00000-0 +00000-0 0  9997
2 40482 027.8141 310.0064 9023304 152.6411 165.2102 00.35804616007487
MMS 2
1 40483U 15011B   17114.67361111 -.00000288 +00000-0 +00000-0 0  9996
2 40483 027.6756 310.1160 9026176 152.6253 123.6208 00.35748658007455
MMS 3
1 40484U 15011C   17109.73150463 -.00000099 +00000-0 +00000-0 0  9994
2 40484 027.8996 310.1284 9023985 152.3496 209.0785 00.35694751007433
MMS 4
1 40485U 15011D   17109.72916667 -.00000099 +00000-0 +00000-0 0  9990
2 40485 027.9151 310.0971 9019578 152.3661 209.1231 00.35681468007435
ASTROSAT
1 40930U 15052A   17117.72628758 +.00000900 +00000-0 +37879-4 0  9998
2 40930 005.9991 234.9348 0007433 250.9997 108.9509 14.76113038085483
DAMPE
1 41173U 15078A   17117.89365640 +.00000336 +00000-0 +16919-4 0  9997
2 41173 097.2891 127.3557 0013367 340.9552 114.2708 15.23548298075802
PISAT
1 41784U 16059B   17117.76401181 +.00000186 +00000-0 +45306-4 0  9997
2 41784 098.1719 179.7717 0031072 320.3302 039.5627 14.63205123031201
